CGGTTS GPS DATA FORMAT VERSION = 01
REV DATE = 2004-02018
RECV = Freqtime remote calibration receiver  ver.1.25RTCXO
CH = 12
IMS = 2606825
LAB = ID0057
X = -1817480.29m
Y = +6073152.81m
Z = -701361.23m
FRAME = WGS-84
COMMENT = UTC(IDN)
INT DLY =        0.0 ns
CAB DLY =      399.0 ns
REF DLY =       60.0 ns
REF = EXTERNAL
CKSUM = AA

PRN CL  MJD  STTIME TRKL ELV AZTH   REFSV      SRSV     REFGPS    SRGPS  DSG IOE MDTR SMDT MDIO SMDI CK
             hhmmss  s  .1dg .1dg    .1ns     .1ps/s     .1ns    .1ps/s .1ns     .1ns.1ps/s.1ns.1ps/s  
 16 FF 60369 001400  780 614 3166    +3522746    +63      -17155    +20   68  79   91   +4  175  +19 2C
 21 FF 60369 001400  780 139 2314    -1332329    +36      -17202    +87  103  12  329  -26  391  +20 41
 32 FF 60369 001400  780 431  917    +6138997     +9      -17215    +65   99 121  117   +0  233  +15 26
  8 FF 60369 001400  780 256 2041     -184132   +348      -17179    +83  102  58  184  -42  292  -15 4A
 10 FF 60369 001400  780 278 1574      -10769   -149      -17160   -107  110  34  170  +39  298  +60 57
 26 FF 60369 001400  780 380 3595    -1851317    +32      -17212   +111  126  44  129  +19  245  +47 63
 31 FF 60369 001400  780 145  103    +2278848    -88      -17168    -49   82  82  315  +11  412  +37 3D
 27 FF 60369 001400  780 541 1706      +79785    +33      -17148   +101  130  87   99   -8  191   -2 1C
  3 FF 60369 001400  780 203 3090    -2224517   +253      -17189    +54  113  87  230  -53  359  -12 4F
 16 FF 60369 003000  780 555 3284    +3522646    +98      -17184    +70  108  79   97   +7  197  +26 53
 21 FF 60369 003000  780 151 2247    -1332290     -1      -17214    +66  130  12  302  -28  408  +15 21
 32 FF 60369 003000  780 419 1025    +6139058    -21      -17182    +53   80 121  119   +4  250  +20 29
  8 FF 60369 003000  780 320 2022     -184418   +230      -17162    -15   88  58  151  -28  276  -17 30
 10 FF 60369 003000  780 214 1554      -10811   +121      -17220   +181  167  34  217  +62  361  +69 38
 26 FF 60369 003000  780 316   35    -1851276    +38      -17196   +135  126  44  152  +27  295  +56 4D
 31 FF 60369 003000  780 142  169    +2278801     +1      -17253    +58  132  82  320   +0  445  +30 06
 27 FF 60369 003000  780 607 1624      +79819    -84      -17155     +4   72  87   91   -6  189   +0 F0
  3 FF 60369 003000  780 248 3029    -2224728   +211      -17186    +30   88  87  190  -31  348  -10 45
 16 FF 60369 004600  780 491 3371    +3522578    +95      -17153    +70   96  79  105  +10  226  +34 51
 21 FF 60369 004600  780 168 2180    -1332255    -33      -17182    +47   71  12  274  -29  420  +10 37
 32 FF 60369 004600  780 394 1125    +6139029    +29      -17185   +108  150 121  125   +8  273  +28 67
  8 FF 60369 004600  780 388 2008     -184709   +252      -17150    +15   78  58  127  -20  259  -17 46
 10 FF 60369 004600  780 154 1529      -10760   +121      -17163   +193  172  34  297 +111  432  +78 5E
 26 FF 60369 004600  780 257   75    -1851197    -62      -17198    +42   98  44  183  +39  355  +66 49
 31 FF 60369 004600  780 144  235    +2278831    +47      -17184   +110  127  82  316  -10  471  +23 4B
 27 FF 60369 004600  780 672 1507      +79844    -19      -17146    +74   86  87   87   -4  190   +2 0E
  3 FF 60369 004600  780 287 2957    -2224987   +218      -17205    +44  108  87  166  -19  340   -6 62
 16 FF 60369 010200  780 426 3440    +3522465    +92      -17187    +25   83  79  118  +14  263  +43 49
 21 FF 60369 010200  780 188 2114    -1332285    -96      -17173    -64  111  12  246  -28  427   +4 3F
 32 FF 60369 010200  780 357 1212    +6139024    +62      -17181    +96  113 121  136  +14  305  +37 50
 28 FF 60369 010200  780 109  559    +1471068    -86      -17062    +66   99  39  413  -31  561  +12 43
  8 FF 60369 010200  780 461 2002     -184964   +334      -17143    +52   87  58  111  -14  243  -14 2A
 26 FF 60369 010200  780 203  115    -1851149    -88      -17137    -30   88  44  228  +57  423  +75 3C
 31 FF 60369 010200  780 151  302    +2278892    -13      -17124     +2   75  82  303  -16  491  +16 11
 27 FF 60369 010200  780 727 1315      +79870    -85      -17124    -31   88  87   84   -1  194   +6 02
  3 FF 60369 010200  780 319 2876    -2225195   +290      -17164    +78  103  87  151  -11  335   -1 46
 16 FF 60369 011800  780 363 3498    +3522376    -66      -17215    -75  170  79  134  +20  309  +52 69
 21 FF 60369 011800  780 212 2049    -1332240   -100      -17164    -10  111  12  220  -27  428   -2 29
 32 FF 60369 011800  780 312 1284    +6139031    +18      -17211   +110  196 121  154  +22  346  +48 64
 28 FF 60369 011800  780 118  629    +1471169    -32      -17110   +175  179  39  384  -28  571   +8 5E
  8 FF 60369 011800  780 537 2006     -185283   +269      -17163    +33   73  58   99  -10  231  -10 2B
 26 FF 60369 011800  780 154  157    -1851132     -7      -17179   +103  152  44  297  +89  499  +83 61
  2 FF 60369 011800  780 139 2164    +4780734    -29      -17101    -19   76  14  328  -60  440   +2 22
 31 FF 60369 011800  780 162  370    +2278870    +35      -17141   +107  117  82  284  -20  502   +8 3C
  4 FF 60369 011800  780 163 3368    -3031823   +124      -17122   +108  138 101  282 -108  459  -39 8B
 27 FF 60369 011800  780 754 1009      +79915    -35      -17129    +70   85  87   82   -1  202   +9 FE
  3 FF 60369 011800  780 342 2786    -2225436   +320      -17169   +157  142  87  142   -7  335   +1 4A
 21 FF 60369 013400  780 241 1983    -1332220   -145      -17178   -167  165  12  195  -24  424   -7 6A
 32 FF 60369 013400  780 259 1341    +6139124    -58      -17181    -79  182 121  182  +37  399  +60 79
 28 FF 60369 013400  780 127  700    +1471362   -117      -17064    -21  105  39  358  -24  577   +5 46
  8 FF 60369 013400  780 616 2025     -185549   +234      -17138   -103  143  58   91   -7  223   -5 28
  2 FF 60369 013400  780 167 2102    +4780674    +14      -17123    -83   97  14  275  -49  439   -3 2F
 31 FF 60369 013400  780 175  439    +2278894    -35      -17168    -68  152  82  263  -21  508   +2 4A
  4 FF 60369 013400  780 228 3375    -3031872    -26      -17128   -156  171 101  206  -58  419  -41 6D
 27 FF 60369 013400  780 734  684      +79882   -143      -17211   -151  203  87   83   +1  212  +12 21
  3 FF 60369 013400  780 357 2692    -2225636   +344      -17190    +67  119  87  137   -3  340   +6 41
 16 FF 60369 015000  780 249    1    +3522250    +60      -17170    +38   97  79  189  +38  427  +70 19
 21 FF 60369 015000  780 275 1917    -1332169    -93      -17140    -11   73  12  173  -21  414  -12 35
 32 FF 60369 015000  780 203 1384    +6139164   -109      -17126    -37   87 121  229  +64  464  +73 70
 28 FF 60369 015000  780 135  773    +1471455   -186      -17100    +17   84  39  338  -16  583   +6 43
  8 FF 60369 015000  780 697 2077     -185844   +366      -17169   +131  131  58   85   -4  220   +0 30
  2 FF 60369 015000  780 200 2041    +4780631   +136      -17110   +142  132  14  232  -40  432  -10 34
 31 FF 60369 015000  780 190  510    +2278834   +177      -17199   +240  236  82  243  -19  508   -1 5D
  4 FF 60369 015000  780 296 3374    -3031973   +146      -17141   +122  145 101  161  -35  380  -39 74
 27 FF 60369 015000  780 679  474      +79977   -103      -17148     -1   77  87   86   +3  227  +18 12
  3 FF 60369 015000  780 363 2594    -2225868   +194      -17170    +24   69  87  135   -1  348  +11 42
 16 FF 60369 020600  780 199   52    +3522164    +29      -17121   -121  134 103  233  +54  498  +76 53
 21 FF 60369 020600  780 313 1850    -1332186    -48      -17142    -97  125  13  154  -18  400  -16 4E
 32 FF 60369 020600  780 144 1415    +6139124    -84      -17154   -136  149 124  316 +131  540  +85 88
 28 FF 60369 020600  780 140  847    +1471518    -36      -17138    +31   81  40  325   -8  589   +8 1E
  8 FF 60369 020600  780 774 2212     -186149   +291      -17131    -75  112  59   82   -2  222   +4 10
  2 FF 60369 020600  780 238 1981    +4780517    +19      -17111   -112  132  40  197  -32  419  -16 55
 31 FF 60369 020600  780 206  583    +2278888    +22      -17092    -40   72  88  226  -17  506   -3 30
  4 FF 60369 020600  780 368 3364    -3032117   +152      -17145     -5  113 102  133  -23  343  -35 42
 27 FF 60369 020600  780 609  357      +79968    -62      -17160   -100  111  88   91   +6  248  +26 22
  3 FF 60369 020600  780 362 2498    -2226116   +233      -17140    -64   85  88  135   +0  361  +15 31
 16 FF 60369 022200  780 154  102    +3522105   +101      -17113    +64  102 103  296  +80  574  +81 45
 21 FF 60369 022200  780 355 1780    -1332193    -22      -17149    +37   77  13  137  -15  383  -18 49
 28 FF 60369 022200  780 142  922    +1471626   -142      -17117    +34   70  40  322   +1  600  +13 14
  8 FF 60369 022200  780 826 2643     -186425   +272      -17105    +16   48  59   80   -1  228   +7 08
  2 FF 60369 022200  780 280 1921    +4780476    +78      -17109    +63   77  40  170  -25  402  -20 31
 31 FF 60369 022200  780 221  659    +2278845    +30      -17122    +76   90  88  211  -13  502   -3 1A
  4 FF 60369 022200  780 442 3342    -3032224   +137      -17152    +93  274 102  115  -15  313  -28 52
 27 FF 60369 022200  780 532  291      +79979    -26      -17165    +50   78  88   99  +10  279  +37 26
  3 FF 60369 022200  780 355 2403    -2226374   +255      -17184    +65  114  88  137   +3  377  +18 4C
 16 FF 60369 023800  780 115  155    +3522079   +172      -17074   +152  171 103  390 +121  653  +83 84
 21 FF 60369 023800  780 401 1705    -1332179    +14      -17165    +92  102  13  124  -12  366  -18 46
 28 FF 60369 023800  780 138  996    +1471770   -141      -17144    +55  114  40  329  +15  615  +19 64
  8 FF 60369 023800  780 796 3214     -186736   +305      -17144    +72   99  59   81   +1  237  +11 27
  2 FF 60369 023800  780 328 1861    +4780425    +28      -17119    +31  164  40  147  -20  381  -22 43
 31 FF 60369 023800  780 234  736    +2278813    -72      -17198     -6  127  88  200   -9  500   -1 1C
  4 FF 60369 023800  780 516 3304    -3032298    +67      -17179    +36  100 102  102  -10  289  -20 4B
 27 FF 60369 023800  780 454  253      +80033    -37      -17185    +58  103  88  112  +15  321  +51 1B
  3 FF 60369 023800  780 344 2312    -2226605   +353      -17230   +177  198  88  141   +4  396  +20 5A
 21 FF 60369 030600  780 485 1551    -1332145     -3      -17099     -2   65  13  107   -7  338  -13 0C
 28 FF 60369 030600  780 117 1121    +1471942     +9      -17137   +126  150  40  385  +56  660  +34 51
  8 FF 60369 030600  780 663 3488     -187266   +325      -17109     +8   87  59   87   +5  264  +22 23
  9 FF 60369 030600  780 215 3199    -1080337   +191      -17086    +47  136  26  217  -59  518  -54 70
  2 FF 60369 030600  780 420 1749    +4780312   +146      -17072    +70  105  40  119  -13  342  -21 42
 31 FF 60369 030600  780 247  877    +2278867    -21      -17091    -30   73  88  191   -2  503   +6 22
  4 FF 60369 030600  780 643 3166    -3032454   +133      -17124    +27   86 102   89   -5  266   -7 27
 27 FF 60369 030600  780 322  223      +80077    -37      -17107    -23   73  88  149  +31  429  +78 1A
  3 FF 60369 030600  780 320 2162    -2226970    +84      -17117   -168  182  88  150   +5  433  +22 43
 21 FF 60369 032200  780 531 1441    -1332118    -76      -17112    -65  153  13  100   -5  326   -9 1C
  8 FF 60369 032200  780 582 3543     -187515   +345      -17146    +38   92  59   94   +8  290  +32 29
  9 FF 60369 032200  780 274 3156    -1080400    +45      -17050    -81  168  26  173  -34  469  -46 4D
  2 FF 60369 032200  780 478 1675    +4780258    +54      -17096     -6  128  40  108  -10  323  -18 3E
 31 FF 60369 032200  780 245  958    +2278825   +123      -17181   +117  176  88  192   +3  512  +13 5F
  4 FF 60369 032200  780 703 3006    -3032523   +179      -17130    +87  122 102   85   -2  262   -1 1B
 27 FF 60369 032200  780 251  221      +80160   -218      -17080   -188  176  88  187  +50  512  +94 4B
  3 FF 60369 032200  780 307 2081    -2227174   +241      -17169     +8   92   6  156   +5  455  +22 0C
 21 FF 60369 033800  780 570 1307    -1332102   -150      -17151   -159  164  13   95   -3  320   -4 32
  8 FF 60369 033800  780 503 3581     -187825   +290      -17156    -36   96  59  104  +11  326  +43 47
  9 FF 60369 033800  780 330 3101    -1080546   +260      -17109   +102  160  26  146  -21  429  -37 5A
  2 FF 60369 033800  780 536 1589    +4780223    +40      -17088    -44   87  40   99   -7  307  -13 2A
 31 FF 60369 033800  780 236 1037    +2278859    +60      -17164    +33   89  88  198  +10  529  +21 5E
  4 FF 60369 033800  780 738 2745    -3032612   +164      -17170    +46   74 102   83   +0  264   +3 1D
 27 FF 60369 033800  780 183  226      +80201    -80      -17109    -71   97  88  252  +90  611 +111 22
  3 FF 60369 033800  780 295 2003    -2227383   +212      -17163    -50  110   6  162   +5  475  +20 20
 21 FF 60369 035400  780 596 1148    -1332116    +84      -17162    +23   64  13   92   -1  318   +1 06
 17 FF 60369 035400  780 156 2251    -7154064    +15      -17023    -34  133  64  295  -98  585  -44 6A
  8 FF 60369 035400  780 428   13     -188108   +224      -17139   -139  168  59  117  +16  374  +55 4A
  9 FF 60369 035400  780 381 3030    -1080686   +238      -17121    +50  146  26  129  -14  397  -28 60
  2 FF 60369 035400  780 592 1479    +4780167    +51      -17068    -81   96  40   93   -5  295   -8 22
 31 FF 60369 035400  780 220 1112    +2278870     +1      -17139    -68  101  88  212  +19  554  +30 3A
  4 FF 60369 035400  780 733 2435    -3032689    -33      -17119   -193  181 102   83   +1  269   +7 3E
  3 FF 60369 035400  780 286 1927    -2227605   +174      -17121   -128  133   6  166   +4  493  +17 4E
 21 FF 60369 041000  780 602  971    -1332082     -3      -17138    +31   74  14   92   +0  322   +7 D3
 17 FF 60369 041000  780 205 2303    -7154106    -17      -17098    +10  104  66  227  -51  545  -38 50
  8 FF 60369 041000  780 357   44     -188380   +233      -17088    -51  105  60  136  +23  433  +68 24
  9 FF 60369 041000  780 425 2944    -1080786   +344      -17086   +228  251  27  118   -9  375  -18 70
  2 FF 60369 041000  780 641 1332    +4780084    +19      -17088    -24   70   4   89   -3  310   -4 E6
 31 FF 60369 041000  780 195 1182    +2278935    -12      -17070     +6   91  91  237  +33  588  +40 38
  4 FF 60369 041000  780 692 2199    -3032785   +148      -17117    +71   86 103   85   +3  278  +12 40
  3 FF 60369 041000  780 280 1851    -2227815   +325      -17125   +107  110   7  169   +2  509  +13 34
 21 FF 60369 042600  780 586  799    -1332097    +62      -17088   +145  145  14   93   +2  333  +15 43
  7 FF 60369 042600  780 140 3388     +730911    -73      -17148    +85   98  30  326 -128  741  -82 4C
 17 FF 60369 042600  780 249 2365    -7154113     -7      -17066    +76  104  66  189  -29  512  -30 59
  8 FF 60369 042600  780 290   75     -188675   +181      -17042    -48   76  60  164  +34  504  +79 2B
  9 FF 60369 042600  780 459 2842    -1080909   +166      -17032    +99  101  27  111   -5  360  -11 49
  2 FF 60369 042600  780 674 1135    +4780015    -58      -17073    -52   85   4   86   -1  309   +0 F1
 31 FF 60369 042600  780 164 1245    +2278963   -126      -16991    -59  101  91  279  +58  632  +51 84
  4 FF 60369 042600  780 633 2050    -3032875    -45      -17095    -73   89 103   89   +5  293  +18 37
  3 FF 60369 042600  780 278 1776    -2228067   +178      -17098     +8   56   7  171   +0  520   +9 15
 21 FF 60369 044200  780 549  654    -1332058     +0      -17087    +10   97  14   97   +5  352  +24 FF
  7 FF 60369 044200  780 198 3409     +731074    -46      -17094    +36   93  30  235  -70  662  -81 35
 17 FF 60369 044200  780 285 2439    -7154068    -24      -17031    -13   89  66  167  -17  487  -20 61
  8 FF 60369 044200  780 229  108     -188922   +368      -17049    +59   84  60  204  +51  585  +88 43
  9 FF 60369 044200  780 481 2727    -1081079   +101      -17051    -29  118  27  107   -2  353   -3 31
  2 FF 60369 044200  780 679  905    +4779946   +118      -17081    +53  107   4   86   +0  313   +6 0F
 31 FF 60369 044200  780 126 1299    +2278922    +47      -17031    +43   95  91  358 +114  686  +60 69
  4 FF 60369 044200  780 569 1950    -3032955    +71      -17060    -20   79 103   95   +7  314  +25 27
  3 FF 60369 044200  780 279 1701    -2228261   +160      -17066    -75  108   7  170   -1  527   +5 1F
 21 FF 60369 045800  780 498  541    -1332038    -24      -17080    +39  117  14  104   +9  380  +35 33
  7 FF 60369 045800  780 260 3424     +731185   -102      -17039    +35   92  30  182  -43  585  -76 41
 17 FF 60369 045800  780 311 2523    -7154063     -7      -17038    +57  116  66  154   -9  471  -11 3E
  8 FF 60369 045800  780 172  143     -189196   +335      -17006    +85  113  60  266  +82  674  +95 4E
  9 FF 60369 045800  780 491 2604    -1081196     +1      -17041    -75  166  27  106   +0  352   +2 0C
  2 FF 60369 045800  780 654  694    +4779881   +184      -17061   +175  166   4   88   +2  322  +13 3F
  4 FF 60369 045800  780 504 1875    -3033037   +137      -17049    +94  105 103  103   +9  342  +33 52
  3 FF 60369 045800  780 283 1626    -2228499   +159      -17048    -28   63   7  168   -3  530   +0 28
 21 FF 60369 051400  780 439  457    -1332044    -18      -17023    +98  113  14  115  +13  421  +49 39
  7 FF 60369 051400  780 327 3435     +731231    -95      -17003    +96  108  30  148  -28  516  -68 3F
 17 FF 60369 051400  780 327 2613    -7154089    -13      -17001   +104  125  66  147   -4  465   -1 41
  8 FF 60369 051400  780 122  181     -189546    +66      -16964   -131  140  60  371 +145  768  +99 5F
  9 FF 60369 051400  780 487 2481    -1081366    -13      -17012    -37   85  27  106   +1  356   +7 17
 19 FF 60369 051400  780 152 2378    -4472731   -107      -16867    -60   94  55  302  -59  647  -27 7B
  2 FF 60369 051400  780 606  536    +4779825    +33      -16984    +79  110   4   91   +5  338  +21 0F
  4 FF 60369 051400  780 442 1813    -3033155    +59      -16976    +69   97 103  114  +12  377  +39 56
  3 FF 60369 051400  780 290 1549    -2228772   +284      -17047   +149  145   7  164   -4  529   -3 48
 21 FF 60369 053000  780 374  397    -1332038     +9      -17042   -130  176  14  131  +20  475  +64 3A
  7 FF 60369 053000  780 398 3438     +731297    -35      -17060   -103  116  30  125  -20  455  -57 4A
 17 FF 60369 053000  780 333 2707    -7154030    -49      -16993   -195  170  66  145   +0  468   +6 58
  9 FF 60369 053000  780 473 2364    -1081475   +229      -17034    -53  139  27  108   +3  366  +12 4B
 19 FF 60369 053000  780 178 2444    -4472793   +216      -16943     +9   64  55  259  -32  624  -19 69
  2 FF 60369 053000  780 545  430    +4779741   +132      -17045    -85   98   4   98   +8  364  +32 13
  4 FF 60369 053000  780 383 1758    -3033230   +103      -17030   -142  154 103  128  +16  418  +45 64
  3 FF 60369 053000  780 300 1469    -2228979   +245      -17066   -145  140   7  160   -4  525   -5 39
 21 FF 60369 054600  780 308  354    -1332012    +92      -16921    -22  154  14  155  +31  544  +80 35
  7 FF 60369 054600  780 472 3435     +731374    -30      -16957    -73  101  30  109  -13  405  -45 38
 17 FF 60369 054600  780 328 2801    -7154048    -20      -16887   -133  126  66  147   +3  478  +14 6C
 30 FF 60369 054600  780 178 3313    +4262869   +148      -16987    -32  123  88  259  -91  675  -94 9E
  9 FF 60369 054600  780 451 2255    -1081628    +89      -16951   -170  161  27  112   +4  380  +16 4F
 19 FF 60369 054600  780 197 2516    -4472868    +18      -16825   -171  162  55  235  -17  610  -10 83
  2 FF 60369 054600  780 478  359    +4779686    +32      -16933   -158  157   4  108  +12  401  +45 51
  4 FF 60369 054600  780 328 1706    -3033347    +94      -16919   -129  137 103  147  +21  464  +49 7C
  3 FF 60369 054600  780 310 1388    -2229203   +241      -16926   -126  134   7  155   -4  519   -6 38
 21 FF 60369 060200  780 242  325    -1331945    -52      -16917    -90  205 116  193  +50  629  +96 5D
  7 FF 60369 060200  780 551 3421     +731480    -56      -16963    -21   88 121   97   -9  366  -33 23
 17 FF 60369 060200  780 315 2892    -7154005    -92      -16884   -130  155  68  152   +7  496  +22 6A
 30 FF 60369 060200  780 243 3306    +4262887     +9      -16946    -98  144 110  194  -50  588  -84 75
  6 FF 60369 060200  780 139 2127    -3880346    -85      -17029    +14  135  28  330 -149  720  -83 66
  9 FF 60369 060200  780 425 2157    -1081689    +79      -16914   -107  182  28  118   +6  397  +19 66
 19 FF 60369 060200  780 209 2591    -4472872   +110      -16811     +4   97  62  222   -8  604   -1 25
  2 FF 60369 060200  780 408  312    +4779652    +96      -16932    -19  114  15  122  +17  451  +59 3C
  4 FF 60369 060200  780 278 1654    -3033387   +160      -16920    +12   85 104  170  +27  511  +50 4C
  3 FF 60369 060200  780 321 1303    -2229411    +23      -16959   -268  245  68  150   -4  513   -6 31
 21 FF 60369 061800  780 178  307    -1331954    +97      -16889    +39   97 116  259  +92  728 +111 82
  7 FF 60369 061800  780 632 3391     +731539   -109      -16937    -92  117 121   89   -6  339  -22 52
 17 FF 60369 061800  780 297 2979    -7154047    +63      -16885     +3   70  68  161  +10  520  +27 4F
 30 FF 60369 061800  780 310 3290    +4262884    +97      -16849    -24  106 110  155  -31  513  -72 6F
  6 FF 60369 061800  780 202 2141    -3880193    -69      -16975    +15   92  28  230  -71  641  -79 4E
  9 FF 60369 061800  780 397 2066    -1081837   +302      -16915   +103  129  28  125   +7  416  +21 60
 19 FF 60369 061800  780 214 2669    -4472897    +61      -16729    -67   88  62  218   -1  606   +6 50
  2 FF 60369 061800  780 339  281    +4779601    +69      -16874    -62   85  15  143  +26  515  +74 40
  4 FF 60369 061800  780 233 1602    -3033501   +141      -16895    -22   74 104  200  +35  560  +49 47
  3 FF 60369 061800  780 330 1214    -2229592   +356      -16890    +47  102  68  146   -3  507   -5 3D
  7 FF 60369 063400  780 713 3326     +731623   -125      -16931   -132  127 121   84   -4  322  -12 3C
 17 FF 60369 063400  780 274 3060    -7154031   -112      -16915   -219  208  68  173  +14  549  +32 82
 30 FF 60369 063400  780 378 3261    +4262801   +150      -16901     +0  115 110  130  -20  450  -58 4C
  6 FF 60369 063400  780 266 2167    -3880058   -253      -17005   -200  177  28  178  -40  568  -70 82
  9 FF 60369 063400  780 368 1983    -1081959   +217      -16904    -10   59  28  133   +8  437  +22 50
 19 FF 60369 063400  780 211 2748    -4472940   +108      -16716    -45   71  62  220   +4  616  +13 49
  2 FF 60369 063400  780 271  263    +4779513    +50      -16899   -101  146  15  174  +41  593  +88 5C
  4 FF 60369 063400  780 193 1548    -3033586   +155      -16882    -39   99 104  240  +46  607  +47 76
  3 FF 60369 063400  780 337 1123    -2229864   +207      -16898   -131  145  68  144   -1  504   -1 4E
  7 FF 60369 065000  780 790 3159     +731715   -137      -16866    -85   92 121   81   -1  314   -5 24
 17 FF 60369 065000  780 250 3136    -7154081    +94      -16894    +71  134  11  188  +17  581  +34 63
 30 FF 60369 065000  780 446 3218    +4262730   +103      -16867    +17  106 110  114  -13  400  -45 65
  6 FF 60369 065000  780 328 2206    -3879900   -241      -16915   -118  134  28  147  -25  506  -58 81
  9 FF 60369 065000  780 341 1905    -1082087   +187      -16851    +24   74  28  142   +9  458  +21 42
 19 FF 60369 065000  780 204 2826    -4473005    +83      -16700     -1   63  62  228  +10  631  +19 2B
  2 FF 60369 065000  780 206  255    +4779431   +137      -16918    +43  113  15  225  +69  684 +101 5D
  4 FF 60369 065000  780 157 1493    -3033686    +72      -16839    -54  105 104  291  +60  651  +43 62
 14 FF 60369 065000  780 125 3435    -3381925     -3      -16950   -141  143 187  364 -107  780  -70 88
  3 FF 60369 065000  780 338 1029    -2230115   +260      -16869    -10   64  68  143   +1  504   +3 15
  7 FF 60369 070600  780 834 2618     +731823   -117      -16925    +46   62 121   80   +0  310   -1 0A
 17 FF 60369 070600  780 226 3209    -7154063   -235      -16946   -144  135  11  207  +20  653  +36 7E
 30 FF 60369 070600  780 513 3154    +4262653   +111      -16946   +128  133 110  102   -9  362  -33 6B
  6 FF 60369 070600  780 388 2262    -3879707   -302      -16928    -69  193  28  127  -16  456  -45 8A
  9 FF 60369 070600  780 316 1829    -1082196     +3      -16864    -51   79  28  152  +10  478  +19 3C
 19 FF 60369 070600  780 192 2903    -4473122   +112      -16794   +133  125  62  240  +15  652  +23 75
  2 FF 60369 070600  780 143  256    +4779397    +57      -16896    +75  107  15  317 +134  787 +112 7A
  4 FF 60369 070600  780 127 1436    -3033749     -1      -16867    -21  112 104  357  +79  690  +38 55
 14 FF 60369 070600  780 165 3483    -3381977    -13      -16934    -46  108 187  279  -72  711  -74 94
  3 FF 60369 070600  780 333  934    -2230349   +244      -16934    +86   92  68  145   +3  509   +9 25
  7 FF 60369 072200  780 790 2081     +731941    -98      -16942    -24   65 121   81   +1  311   +3 FF
 17 FF 60369 072200  780 203 3278    -7153968    -82      -16938    -83  105  11  228  +23  687  +33 74
 30 FF 60369 072200  780 573 3061    +4262579    +38      -17024    -27   77   0   95   -6  357  -24 20
  6 FF 60369 072200  780 441 2339    -3879536   -165      -16979    -27  115  28  115  -10  419  -32 76
  9 FF 60369 072200  780 295 1756    -1082298    +79      -16916    -64   83  28  162  +10  496  +16 5A
 19 FF 60369 072200  780 179 2977    -4473109    +28      -16803    -43   83  62  258  +20  675  +25 66
 14 FF 60369 072200  780 210 3530    -3381964   +121      -16906     +5   69 187  222  -49  639  -74 6B
  3 FF 60369 072200  780 320  842    -2230568   +308      -17028    +57   65  68  150   +7  522  +17 24
 22 FF 60369 073800  780 117 3424     -235143   -158      -16835    -53   94  60  386 -141  790  -88 76
  7 FF 60369 073800  780 713 1907     +732003   -186      -16955    -50   81 121   84   +4  317   +9 1E
 17 FF 60369 073800  780 184 3344    -7153950     -8      -16949    +50   79  11  251  +24  717  +28 51
 30 FF 60369 073800  780 624 2927    +4262599     -1      -16971     -2   79   0   90   -3  339  -14 04
  6 FF 60369 073800  780 484 2437    -3879393     +6      -16978   +212  204  28  107   -6  393  -21 59
 11 FF 60369 073800  780 170 2240    +5915651   -177      -16932     -7   83  29  271  -82  643  -69 64
  9 FF 60369 073800  780 277 1684    -1082410   +177      -16920    +95  104  28  171   +9  510  +12 50
 19 FF 60369 073800  780 164 3050    -4473248    +52      -16908    +44   76  62  279  +24  700  +24 59
 14 FF 60369 073800  780 261 3575    -3382076   +211      -16940   +161  164 187  181  -34  568  -71 A5
  3 FF 60369 073800  780 299  753    -2230788   +298      -17012   +111  115  68  160  +12  543  +26 63
 22 FF 60369 075400  780 163 3463     -235108     -9      -16889   +106  130  60  282  -83  705  -87 5C
  7 FF 60369 075400  780 634 1827     +732120    -61      -16955    +84   97 121   89   +6  330  +17 24
 17 FF 60369 075400  780 168 3410    -7153923    -13      -16928    +38   67  11  274  +22  741  +20 4F
 30 FF 60369 075400  780 656 2747    +4262549    -81      -16969    -86  117   0   88   -1  328   -7 3B
  6 FF 60369 075400  780 513 2558    -3879234    -61      -17000   +152  193  28  102   -3  377  -11 4D
 11 FF 60369 075400  780 220 2288    +5915796   -237      -16879    -62  147  29  212  -45  582  -58 97
  9 FF 60369 075400  780 263 1613    -1082561   +232      -16946   +148  151  28  180   +8  521   +9 50
 19 FF 60369 075400  780 150 3121    -4473301    +32      -16912    +30  160  62  304  +26  723  +22 3F
 14 FF 60369 075400  780 317   21    -3382190   +286      -16955   +232  209 187  152  -25  502  -66 78
  3 FF 60369 075400  780 270  672    -2231022    +61      -16965   -127  146  68  175  +20  573  +37 4F
 22 FF 60369 081000  780 215 3499     -235010     +0      -16835    +30   77  61  218  -53  622  -84 1E
  7 FF 60369 081000  780 555 1775     +732160    -86      -16957    -22   61 122   97   +9  351  +26 25
 17 FF 60369 081000  780 156 3474    -7153940    -99      -16921   -109  125  12  293  +17  756  +10 7C
 30 FF 60369 081000  780 662 2539    +4262505   +137      -16980    +58  106   1   87   +0  323   -2 1F
  6 FF 60369 081000  780 525 2694    -3879094   -231      -16970    -99  130  29  101   +0  370   -1 42
 11 FF 60369 081000  780 265 2348    +5915917   -115      -16889    -18  100  30  179  -26  531  -46 7D
  9 FF 60369 081000  780 252 1541    -1082672   +205      -16948    +44   81  30  187   +6  527   +4 28
 19 FF 60369 081000  780 138 3190    -4473362   +105      -16909    +24   75  95  329  +25  741  +16 69
 14 FF 60369 081000  780 376   68    -3382335    +95      -16967    -32   78 188  131  -18  443  -57 5B
  3 FF 60369 081000  780 234  598    -2231205   +124      -16925   -155  183  71  200  +33  615  +49 53
 22 FF 60369 082600  780 271 3532     -234982    -29      -16840    +28   81  61  175  -35  544  -77 4E
  7 FF 60369 082600  780 480 1732     +732273   -148      -16879    -63   84 122  107  +12  381  +35 58
 17 FF 60369 082600  780 149 3537    -7153924   +165      -16890   +173  180  12  306   +8  760   -1 6C
 30 FF 60369 082600  780 643 2342    +4262462   +145      -16919    +89  110   1   88   +2  324   +3 22
  6 FF 60369 082600  780 517 2831    -3878981   -289      -16979   -141  214  29  102   +2  371   +5 6A
 11 FF 60369 082600  780 303 2419    +5916058    -65      -16866    +53   77  30  158  -16  492  -35 62
  9 FF 60369 082600  780 244 1468    -1082856   +107      -16928    -27   87  30  192   +4  530   +0 34
 19 FF 60369 082600  780 129 3257    -4473408    +67      -16880    +12   63  95  351  +19  753   +7 55
 20 FF 60369 082600  780 149 2116    -3857098    -55      -16849    -46   78 181  307 -125  651  -86 98
 14 FF 60369 082600  780 440  119    -3382449    +37      -16935    -65   97 188  115  -13  392  -48 6B
  3 FF 60369 082600  780 191  534    -2231401   +209      -16873    -28  113  11  242  +56  669  +62 47
 22 FF 60369 084200  780 331 3564     -234950    -87      -16852    -55  131  61  146  -25  474  -69 5E
  7 FF 60369 084200  780 409 1692     +732356   -122      -16918    -63   91 122  122  +17  418  +42 4F
 17 FF 60369 084200  780 148    0    -7153940    +21      -16933     +6   78  12  309   -1  753  -13 EE
 30 FF 60369 084200  780 605 2183    +4262434     +2      -16911    -78   90   1   92   +4  330   +8 E6
  6 FF 60369 084200  780 494 2958    -3878821   -165      -16982    -41   98  29  105   +5  381  +13 61
 11 FF 60369 084200  780 331 2501    +5916116    -21      -16911    +69  122  30  146   -9  463  -24 3C
  9 FF 60369 084200  780 239 1394    -1082941   +213      -16954    +52   81  30  196   +3  530   -1 28
 19 FF 60369 084200  780 124 3324    -4473422   -156      -16853   -236  226  95  365   +9  755   -3 75
 20 FF 60369 084200  780 212 2112    -3857114     +1      -16891    -15  122 181  220  -65  570  -81 4A
 14 FF 60369 084200  780 506  180    -3382534   +111      -16964    -15   70 188  103   -9  350  -38 4D
  3 FF 60369 084200  780 143  479    -2231616   +108      -16875   -154  188  11  317 +110  735  +75 76
 22 FF 60369 085800  780 397 3594     -234984    -91      -16850   -111  122  61  125  -18  413  -58 73
  7 FF 60369 085800  780 343 1653     +732423   -130      -16843   -124  150 122  141  +23  462  +47 63
 17 FF 60369 085800  780 151   63    -7153992     +2      -16877    -62  107  12  303  -11  735  -24 2F
 30 FF 60369 085800  780 557 2061    +4262319    +26      -16857   -104  132   1   97   +6  341  +14 38
 11 FF 60369 085800  780 350 2591    +5916202    -10      -16850    +32   75  30  139   -4  444  -14 31
  9 FF 60369 085800  780 236 1320    -1083092   +103      -16834   -107  114  30  198   +1  526   -4 42
 19 FF 60369 085800  780 123 3390    -4473536   +106      -16797    -25   62  95  368   -4  747  -14 71
 20 FF 60369 085800  780 277 2117    -3857173   +109      -16870    +42   72 181  172  -39  496  -72 8C
 14 FF 60369 085800  780 573  257    -3382629   +141      -16870    -35   90 188   95   -7  318  -28 60
 22 FF 60369 091400  780 466   25     -234926    -76      -16897   +165  190  61  110  -13  362  -47 47
  7 FF 60369 091400  780 282 1613     +732505   -129      -16892   +140  171 122  168  +33  509  +49 74
 17 FF 60369 091400  780 159  126    -7153908    -59      -16880   +136  137  12  288  -19  708  -33 7C
 30 FF 60369 091400  780 504 1964    +4262319    -15      -16880   +113  116   1  103   +8  357  +19 42
  6 FF 60369 091400  780 417 3165    -3878475   -307      -16885    +24   72  29  120  +10  421  +27 58
 11 FF 60369 091400  780 357 2687    +5916334   -153      -16856   +151  142  30  136   -1  434   -6 62
  9 FF 60369 091400  780 234 1243    -1083142    -23      -16860    +56  116  30  200   +1  521   -5 0A
 19 FF 60369 091400  780 127 3455    -4473518    -23      -16799   +105  130  95  357  -18  728  -26 90
 20 FF 60369 091400  780 344 2133    -3857216    +83      -16944   +274  260   4  141  -25  464  -66 64
 14 FF 60369 091400  780 636  367    -3382684    +47      -16875   +128  138 188   89   -4  295  -19 7E
 22 FF 60369 093000  780 539   60     -234846    -75      -16889    -66   80  61   99   -9  321  -36 14
  7 FF 60369 093000  780 226 1571     +732584     +0      -16940    +39   62 122  206  +47  557  +48 2C
 17 FF 60369 093000  780 173  189    -7153899   -105      -16924   -145  147  12  267  -23  672  -40 88
 30 FF 60369 093000  780 452 1884    +4262230    +36      -16933    -68   85   1  112  +10  377  +23 31
  6 FF 60369 093000  780 371 3247    -3878330   -264      -16932   -159  163  29  132  +14  450  +33 79
 11 FF 60369 093000  780 354 2784    +5916521   -126      -16826    -57   75  30  137   +2  431   +1 38
  9 FF 60369 093000  780 231 1166    -1083276   +103      -16877    -77   98   7  202   +2  555   -6 23
 19 FF 60369 093000  780 136 3520    -4473567   +241      -16812   +137  146  95  334  -28  698  -36 9C
 20 FF 60369 093000  780 411 2163    -3857128   +109      -16910    +71  147   4  121  -17  406  -52 4F
 14 FF 60369 093000  780 689  533    -3382774   +100      -16885    -49   63 188   86   -2  279  -12 5D
 22 FF 60369 094600  780 615  104     -234783    -82      -16847    -98  108  61   91   -6  291  -26 2D
  7 FF 60369 094600  780 176 1526     +732690   -159      -16858   -145  148 122  262  +70  601  +44 83
 17 FF 60369 094600  780 190  254    -7153876     +0      -16828    -59   93  12  244  -24  631  -45 3D
 30 FF 60369 094600  780 401 1814    +4262153   +104      -16901    -22   63   1  124  +13  401  +25 24
  6 FF 60369 094600  780 325 3320    -3878177   -167      -16867    -85  101  29  148  +19  484  +36 85
 11 FF 60369 094600  780 342 2878    +5916544   -201      -16860   -152  153  30  142   +5  436   +7 60
  9 FF 60369 094600  780 228 1087    -1083482   +191      -16897    -14   57   7  205   +4  549   -4 32
 19 FF 60369 094600  780 151 3584    -4473730   +106      -16860    -26   78  95  303  -34  659  -44 7D
 20 FF 60369 094600  780 478 2212    -3857137    +13      -16870    -50   83   4  108  -11  362  -40 38
 14 FF 60369 094600  780 717  776    -3382895    +98      -16876    -75   80 188   84   +0  269   -7 54
 22 FF 60369 100200  780 692  173     -234751    -18      -16894    +35   53 104   85   -4  269  -18 1D
 13 FF 60369 100200  780 110 2216    -6299188    +75      -16882    +36   97 132  408  -80  661  -50 66
  7 FF 60369 100200  780 130 1479     +732729     -8      -16903    +72  103 123  347 +113  640  +36 3E
 17 FF 60369 100200  780 211  320    -7153914    -32      -16899    -23  158  13  221  -22  587  -46 47
 30 FF 60369 100200  780 353 1750    +4262123    +63      -16880     +6   64   2  138  +16  426  +25 11
  6 FF 60369 100200  780 281 3387    -3878035   -186      -16870    -41   56  30  169  +24  520  +37 57
 11 FF 60369 100200  780 323 2968    +5916749    -91      -16796    +25   88  31  149   +9  445  +12 51
  9 FF 60369 100200  780 222 1008    -1083581    +25      -16870   -109  131  20  210   +6  546   -2 1A
 19 FF 60369 100200  780 171   49    -4473799   +200      -16905   +143  171  96  269  -34  613  -50 69
 20 FF 60369 100200  780 540 2286    -3857124     +4      -16897     +9   82   5   99   -7  328  -29 07
  5 FF 60369 100200  780 177 2151    +1635989   -118      -16893   -109  133 136  261  -89  571  -84 9B
 14 FF 60369 100200  780 707 1043    -3382988    +94      -16869    -11   55 189   84   +1  264   -3 39
 22 FF 60369 101800  780 766  314     -234666   -146      -16831    +37  107 104   82   -2  254  -12 32
 13 FF 60369 101800  780 134 2157    -6299261   -118      -16888    -24   64   5  339  -65  661  -56 69
 17 FF 60369 101800  780 235  389    -7153839   -106      -16829    +33   79  13  200  -20  542  -46 57
 30 FF 60369 101800  780 309 1688    +4262073   +118      -16872   +194  180   2  155  +19  450  +24 6E
  6 FF 60369 101800  780 240 3450    -3877942    -93      -16919   +189  174  30  195  +31  556  +35 77
 11 FF 60369 101800  780 300 3052    +5916892   -243      -16737    +10   85  31  159  +12  459  +15 57
  9 FF 60369 101800  780 212  929    -1083647    +83      -16803    +80  105  20  219  +11  545   +0 1B
 19 FF 60369 101800  780 196  113    -4473842   +160      -16861   +235  221  96  237  -31  562  -53 76
 20 FF 60369 101800  780 593 2396    -3857058    -53      -16837    +85  111   5   93   -4  304  -19 3B
  5 FF 60369 101800  780 238 2174    +1636051   -121      -16835    +17   69 136  197  -48  495  -73 72
 14 FF 60369 101800  780 664 1245    -3383049    -28      -16825     -1   70 189   87   +3  263   +2 1F
 22 FF 60369 103400  780 818  693     -234650    +59      -16917   +146  138 104   81   +0  245   -8 2C
 13 FF 60369 103400  780 163 2099    -6299234   -105      -16888   -119  128   5  282  -52  607  -57 8A
 17 FF 60369 103400  780 260  461    -7153800   -190      -16864   -155  221  13  182  -17  499  -43 73
 30 FF 60369 103400  780 270 1628    +4262054   +246      -16901   +213  190   2  175  +23  472  +21 54
  6 FF 60369 103400  780 203 3511    -3877821    -94      -17006    +75   86  30  229  +38  588  +31 45
  9 FF 60369 103400  780 198  852    -1083759    +64      -16824    -44   84  20  233  +18  547   +5 29
 19 FF 60369 103400  780 225  179    -4473860    +81      -16915    +48   69  96  208  -28  510  -53 54
 20 FF 60369 103400  780 630 2549    -3857027    -48      -16880    -15  107   5   89   -1  288  -12 35
  5 FF 60369 103400  780 299 2209    +1636044    +34      -16917    +65  108 136  160  -29  430  -61 5E
 14 FF 60369 103400  780 602 1368    -3383150     +1      -16892    -78  111 189   92   +6  268   +8 31
 22 FF 60369 105000  780 799 1242     -234597   -173      -16895    -76  100   3   81   +0  257   -4 1D
 13 FF 60369 105000  780 196 2043    -6299329    +94      -16900    +99  103   5  237  -42  550  -58 59
 17 FF 60369 105000  780 286  537    -7153854   +113      -16853   +161  156  13  167  -13  458  -39 7E
 30 FF 60369 105000  780 234 1568    +4261947    +75      -16937    +61   84   2  200  +27  491  +16 39
  6 FF 60369 105000  780 170 3571    -3877755    +15      -17014   +210  207  30  270  +46  614  +22 4B
 11 FF 60369 105000  780 247 3206    +5917056   -106      -16846    +56  102  31  190  +19  490  +15 63
  9 FF 60369 105000  780 180  777    -1083929   +172      -16844    +75  100  20  257  +30  554   +9 3E
 19 FF 60369 105000  780 258  248    -4473935     +4      -16863     -9   70  96  183  -23  459  -52 34
 20 FF 60369 105000  780 644 2736    -3857020    -39      -16836    +13   79   5   88   +0  279   -6 13
  5 FF 60369 105000  780 357 2258    +1636101    -97      -16798    -47  172 136  137  -19  377  -49 7D
 14 FF 60369 105000  780 533 1441    -3383284   +194      -16881   +131  123 189   99   +9  280  +15 76
 22 FF 60369 110600  780 731 1469     -234547    +25      -16975   +257  225   3   83   +3  255   +0 14
 13 FF 60369 110600  780 234 1989    -6299320   -198      -16931    -57   99   5  201  -33  494  -57 6F
 17 FF 60369 110600  780 309  618    -7153791   -165      -16903    +20   96  13  155  -10  423  -34 4B
 30 FF 60369 110600  780 204 1507    +4261921     -5      -16987   +115  122   2  228  +31  505  +11 2E
  6 FF 60369 110600  780 143   31    -3877653   -202      -17162   +123  150  30  319  +54  631  +12 33
 11 FF 60369 110600  780 222 3277    +5917151   -154      -16914   +139  148  31  210  +22  503  +12 68
  9 FF 60369 110600  780 155  706    -1084056    +30      -16920    +74  104  20  294  +50  566  +14 2B
 19 FF 60369 110600  780 294  319    -4473961   -140      -16907    -24  129  96  162  -19  411  -47 72
 20 FF 60369 110600  780 631 2924    -3856984    -40      -16886   +147  142   5   89   +1  275   -1 37
  5 FF 60369 110600  780 410 2326    +1636105   -143      -16907    +37   96 136  122  -12  334  -38 51
 14 FF 60369 110600  780 461 1483    -3383381     -7      -16982    +62  186 189  111  +13  297  +21 66
 22 FF 60369 112200  780 652 1552     -234495    +41      -17060   +237  221   3   88   +5  257   +5 07
 13 FF 60369 112200  780 276 1936    -6299355    +39      -17010   +142  142   5  172  -26  439  -55 64
 17 FF 60369 112200  780 329  704    -7153720    -68      -16922    +79  123  13  147   -7  392  -28 46
 30 FF 60369 112200  780 177 1446    +4261876    -80      -17061     +4  129   2  260  +35  513   +5 19
  6 FF 60369 112200  780 121   92    -3877441    -53      -17202   +235  214  30  373  +57  638   +0 1A
 11 FF 60369 112200  780 199 3346    +5917295     +0      -16991   +258  238  31  233  +24  513   +6 4F
  9 FF 60369 112200  780 126  640    -1084307   +122      -17153   +128  153  20  360  +91  583  +19 4B
 19 FF 60369 112200  780 331  396    -4473951    -13      -16950    +67  146  96  146  -15  368  -42 61
 20 FF 60369 112200  780 596 3082    -3856990    -67      -16982    +82  117   5   92   +4  276   +3 2C
  5 FF 60369 112200  780 455 2413    +1636119    +46      -16985   +193  194 136  112   -8  303  -28 61
 14 FF 60369 112200  780 389 1505    -3383430    +69      -17015   +105  136 189  127  +20  321  +27 75
 22 FF 60369 113800  780 573 1586     -234420    -49      -17170   +117  136   3   95   +8  265  +12 27
 13 FF 60369 113800  780 324 1883    -6299329     -9      -17079    +63   95   5  149  -21  387  -52 4C
 17 FF 60369 113800  780 343  796    -7153722    -68      -17036    +53   88  78  142   -3  368  -22 44
 30 FF 60369 113800  780 154 1383    +4261919    +21      -17040    +72  104   2  296  +39  515   +0 27
  6 FF 60369 113800  780 105  154    -3877422   -183      -17406    +74  132  30  427  +53  632  -12 46
 11 FF 60369 113800  780 180 3412    +5917393   -161      -17109    +61   67  31  257  +24  516   +0 42
 19 FF 60369 113800  780 367  480    -4474035   +198      -17058   +247  231  96  133  -11  329  -36 84
 20 FF 60369 113800  780 547 3203    -3856970    -18      -17074    +98  110   5   98   +6  281   +8 26
 12 FF 60369 113800  780 135 3193    +4826629   -215      -17072    -76  114  25  339 -145  634 -113 9B
  5 FF 60369 113800  780 488 2520    +1636129    +20      -17064   +140  137 136  106   -4  279  -20 53
 14 FF 60369 113800  780 320 1513    -3383551   +146      -17116   +156  162 189  150  +29  349  +30 8C
 22 FF 60369 115400  780 494 1597     -234405   -120      -17215    -44   86   3  105  +12  280  +18 2D
 13 FF 60369 115400  780 376 1829    -6299469   +142      -17207   +114  114   5  131  -16  340  -46 73
 15 FF 60369 115400  780 170 2105    -1327277   -104      -17090   -129  152  12  271  -88  524  -83 7C
 17 FF 60369 115400  780 348  890    -7153761   +195      -17082   +213  200  78  140   +0  349  -15 5F
 30 FF 60369 115400  780 135 1319    +4261869    +15      -17066    -26   95   2  336  +43  512   -6 27
 11 FF 60369 115400  780 164 3478    +5917327    +14      -17311   +130  138  31  279  +21  512   -9 55
 19 FF 60369 115400  780 400  573    -4474059     +9      -17058    -33   83  96  124   -8  297  -30 2A
 20 FF 60369 115400  780 492 3297    -3856977   -121      -17123    -95  139   5  105   +9  292  +13 5D
 12 FF 60369 115400  780 191 3153    +4826699    -44      -17092     +2   73  25  242  -69  535  -92 4B
  5 FF 60369 115400  780 507 2644    +1636099    +58      -17127    +72  149 136  103   -1  264  -13 4E
 14 FF 60369 115400  780 253 1512    -3383653    +46      -17124    -36   89 189  185  +45  379  +31 70
 22 FF 60369 121000  780 419 1596     -234337   -126      -17252     -7  101   4  119  +17  301  +23 21
 13 FF 60369 121000  780 432 1772    -6299559   +169      -17289   +197  174  11  117  -13  297  -40 99
 15 FF 60369 121000  780 228 2090    -1327364    +52      -17160    +76  136  13  206  -52  447  -75 53
 17 FF 60369 121000  780 343  985    -7153742   -100      -17127    -24   67  83  141   +4  337   -9 29
 30 FF 60369 121000  780 119 1254    +4261857    +45      -17079    +58   94   4  379  +46  503  -11 3E
 11 FF 60369 121000  780 154 3543    +5917372    -71      -17411   +114  136  32  298  +15  499  -18 6F
 19 FF 60369 121000  780 427  675    -4474078    +79      -17075    +89   91 104  118   -5  272  -23 4F
 20 FF 60369 121000  780 435 3372    -3857046    +84      -17229   +160  165  33  116  +12  307  +17 62
 12 FF 60369 121000  780 245 3104    +4826734    -14      -17114    +83  128  26  192  -39  456  -73 5B
  5 FF 60369 121000  780 508 2775    +1636205   -125      -17084    -48   95 137  103   +0  254   -7 36
 14 FF 60369 121000  780 190 1502    -3383694     -8      -17120    -43   97 190  243  +77  409  +28 4E
 22 FF 60369 122600  780 347 1586     -234262    -52      -17259    +92  152   4  140  +25  325  +26 33
 13 FF 60369 122600  780 492 1709    -6299593    +70      -17314   +120  123  11  105   -9  261  -34 58
 15 FF 60369 122600  780 289 2082    -1327382    +20      -17191    +64   85  13  165  -33  379  -65 57
 17 FF 60369 122600  780 327 1077    -7153725    +33      -17144   +129  135  83  147   +8  331   -2 4B
 30 FF 60369 122600  780 105 1189    +4261867   -143      -17018   -108  122   4  426  +51  490  -15 66
 11 FF 60369 122600  780 148    8    +5917503   -133      -17422    +74  107  32  308   +6  477  -26 25
 19 FF 60369 122600  780 444  787    -4474087    -42      -17057     -9   91 104  114   -2  251  -17 34
 20 FF 60369 122600  780 379 3436    -3856980    -86      -17199    +10   86  33  130  +16  325  +19 5F
 12 FF 60369 122600  780 295 3042    +4826805   +114      -17077   +237  208  26  162  -24  393  -57 87
  5 FF 60369 122600  780 493 2903    +1636222   -170      -17106    -72  107 137  105   +3  249   -3 3F
 14 FF 60369 122600  780 131 1485    -3383768    +84      -17121    +68   99 190  345 +151  433  +21 78
 24 FF 60369 122600  780 131 2311    +4393871    -59      -17001    +86  113  87  346  -38  504  -44 5F
 22 FF 60369 124200  780 279 1569     -234175   -134      -17184   -138  144   4  170  +38  351  +27 62
 13 FF 60369 124200  780 554 1634    -6299640    +77      -17282    -23   72  11   97   -7  232  -27 35
 15 FF 60369 124200  780 354 2082    -1327413   +142      -17163    +35  102  13  138  -23  320  -55 51
 17 FF 60369 124200  780 301 1161    -7153684    -30      -17097    -85  103  83  159  +15  331   +1 41
 11 FF 60369 124200  780 148   73    +5917656   -123      -17340    -66   96  32  309   -4  449  -33 34
 19 FF 60369 124200  780 448  903    -4474113    +52      -16982    -69   93 104  113   +0  237  -12 39
 12 FF 60369 124200  780 338 2968    +4826930    -16      -16966    -46  104  26  143  -15  345  -44 6E
  5 FF 60369 124200  780 465 3018    +1636175   -185      -17146   -240  221 137  110   +6  248   +0 4E
 24 FF 60369 124200  780 148 2248    +4393823   +121      -17058   +113  153  87  310  -36  461  -45 7E
 22 FF 60369 125800  780 215 1546     -234134    +13      -17158    -91  116   4  216  +60  377  +24 2E
 13 FF 60369 125800  780 616 1535    -6299619    +31      -17185   -171  161  11   91   -5  208  -21 51
 15 FF 60369 125800  780 422 2092    -1327549    +58      -17195   -145  148  13  119  -16  272  -45 7E
 17 FF 60369 125800  780 265 1235    -7153720    +61      -17077    -92  111  83  178  +25  336   +7 54
 11 FF 60369 125800  780 152  139    +5917797   -139      -17276   -182  170  32  300  -14  415  -38 7C
 19 FF 60369 125800  780 438 1017    -4474234   +104      -17011   -117  133 104  115   +4  227   -7 5C
 20 FF 60369 125800  780 274 3547    -3856994    +80      -17175    -73  111  33  172  +28  362  +17 70
 12 FF 60369 125800  780 374 2883    +4826919   -147      -16998   -273  242  26  131   -9  307  -34 94
 24 FF 60369 125800  780 167 2188    +4393820    +78      -17076    -28   77  87  275  -34  417  -45 76
 22 FF 60369 131400  780 156 1517     -234133    +91      -17118    +52   76   4  292 +106  397  +17 33
 13 FF 60369 131400  780 673 1393    -6299695   +127      -17103     -6   82  11   86   -3  190  -16 34
 15 FF 60369 131400  780 492 2116    -1327576    +67      -17081    -74   97  13  105  -11  232  -35 4A
 17 FF 60369 131400  780 221 1298    -7153771    +42      -17018    -41  104  83  211  +44  345  +11 4A
  6 FF 60369 131400  780 110  546    -3876307   -279      -17077   -218  193  31  410  -41  429  -43 67
 11 FF 60369 131400  780 162  205    +5917946   -121      -17144    -98  117  32  284  -20  377  -40 5C
 25 FF 60369 131400  780 129 2965    -4900041    +19      -16982    -88   96  35  352  -90  519  -72 69
 19 FF 60369 131400  780 414 1122    -4474266    +85      -16893    -66   90 104  120   +7  222   -3 35
 20 FF 60369 131400  780 228 3599    -3857126   +193      -17197   +110  109  33  205  +38  377  +12 88
 12 FF 60369 131400  780 400 2787    +4826985    -23      -16841    -81   96  26  124   -5  278  -26 4F
  5 FF 60369 131400  780 386 3208    +1636238   -200      -16944   -284  253 137  128  +12  255   +5 70
 24 FF 60369 131400  780 190 2128    +4393653    +54      -17173    +15  111  87  244  -31  373  -45 5A
 13 FF 60369 133000  780 714 1179    -6299720   -187      -16980   -348  303  11   84   -1  175  -12 69
 15 FF 60369 133000  780 562 2161    -1327571   +105      -16847    -57  107  13   96   -8  202  -27 49
 17 FF 60369 133000  780 171 1349    -7153818   +131      -16937    +18   87  83  268  +81  357  +12 70
  6 FF 60369 133000  780 121  616    -3876066   -136      -16816   -107  127  31  373  -36  389  -40 67
 11 FF 60369 133000  780 176  272    +5918030    -40      -17012    -45  106  32  263  -23  337  -41 31
 19 FF 60369 133000  780 378 1212    -4474284   +122      -16667    -56  114 104  130  +12  220   +1 56
 20 FF 60369 133000  780 187   51    -3857218   +245      -17161   +131  153  33  247  +50  385   +5 40
 12 FF 60369 133000  780 416 2684    +4826973   -243      -16720   -331  303  26  120   -2  256  -20 61
  5 FF 60369 133000  780 343 3286    +1636263   +109      -16768     +0  100 137  141  +16  261   +5 38
 24 FF 60369 133000  780 217 2070    +4393690    -90      -17051   -156  155  87  215  -28  330  -44 6E
 13 FF 60369 134600  780 724  898    -6299698   +186      -16988   +187  171  11   84   +0  164  -10 76
 15 FF 60369 134600  780 630 2240    -1327603    -38      -16954    -43   96  13   90   -5  179  -21 2C
  6 FF 60369 134600  780 133  688    -3875675   -363      -16667   -170  163  31  341  -29  350  -37 7C
 11 FF 60369 134600  780 193  341    +5918299   -282      -16923   -123  135  32  240  -23  298  -40 76
 19 FF 60369 134600  780 333 1286    -4474474   +319      -16920   +303  269   6  145  +19  251   +5 6A
 20 FF 60369 134600  780 150  104    -3857167    -28      -17210    +20  111  33  303  +67  386   -4 25
 12 FF 60369 134600  780 422 2577    +4826967    +43      -16847   +114  143  26  119   +0  238  -16 67
  5 FF 60369 134600  780 300 3357    +1636257    -12      -16902    +35   93 137  159  +20  266   +4 36
 24 FF 60369 134600  780 248 2013    +4393826   -264      -17058   -168  167  87  190  -24  288  -42 9F
 13 FF 60369 140200  780 695  643    -6299721    +56      -16918   +252  221  26   85   +2  156   -7 37
 15 FF 60369 140200  780 690 2379    -1327627    +43      -16886   +237  209  23   85   -3  161  -15 58
  6 FF 60369 140200  780 145  762    -3875501   -244      -16610   +145  142  35  316  -21  315  -34 50
 11 FF 60369 140200  780 213  411    +5918499   -263      -16838    +92  202  33  219  -21  261  -37 5B
 20 FF 60369 140200  780 119  159    -3857122   -203      -17129    +50  103  34  378  +88  377  -15 5E
  5 FF 60369 140200  780 259 3424    +1636190   -170      -16929    +78  110 138  182  +26  268   +0 5F
 24 FF 60369 140200  780 284 1956    +4393888    -94      -17023   +199  179  93  168  -20  248  -40 95
 15 FF 60369 141800  780 728 2610    -1327665    +57      -16892   +267  233  23   83   -1  147  -12 56
  6 FF 60369 141800  780 153  837    -3875209   -197      -16500   +206  209  35  299  -12  284  -31 71
 19 FF 60369 141800  780 225 1389    -4474669   +171      -16994   +367  324   7  207  +52  265   +7 81
  5 FF 60369 141800  780 222 3487    +1636089   +158      -17049   +423  356 138  210  +32  266   -5 7A
 24 FF 60369 141800  780 324 1899    +4393957    -34      -17016   +271  232  93  149  -18  210  -37 84
 13 FF 60369 143400  780 571  370    -6299737    -43      -17033   -343  297  26   95   +8  147   -1 3D
 15 FF 60369 143400  780 728 2901    -1327727    +64      -17019   -238  220  23   83   +1  136   -9 3A
  6 FF 60369 143400  780 157  913    -3875295    +68      -16814    -37   66  35  291   -2  256  -27 36
 11 FF 60369 143400  780 256  561    +5918619   -205      -17061   -346  300  33  184  -14  195  -30 6D
 19 FF 60369 143400  780 166 1421    -4474746    +25      -17123   -292  256   7  275  +97  272   +5 5E
 29 FF 60369 143400  780 176 3291    +6059202   +223      -16907    -46  113  62  263  -96  326  -80 7B
 24 FF 60369 143400  780 368 1840    +4394074   +134      -17057    -71  123  93  133  -14  177  -32 72
 13 FF 60369 145000  780 497  306    -6299679    +51      -16649     +9  150  26  104  +12  146   +1 2F
 15 FF 60369 145000  780 691 3140    -1327822    -33      -16861    -81  133  23   85   +2  128   -8 23
  6 FF 60369 145000  780 156  989    -3875211    -52      -16666    +92  110  35  293   +7  231  -24 34
 11 FF 60369 145000  780 276  642    +5918678   -207      -16853    -94  136  33  172  -10  167  -27 71
 12 FF 60369 145000  780 375 2183    +4827025    +59      -16742    +87  160  27  131   +5  193  -11 49
 29 FF 60369 145000  780 241 3271    +6059121    +37      -16737    +17   98  62  195  -51  257  -62 5A
 24 FF 60369 145000  780 416 1779    +4394132    -34      -16816    +16   82  93  120  -12  147  -29 51
 13 FF 60369 150600  780 422  267    -6299912   +301      -16830   +303  270  26  118  +17  147   +1 52
  6 FF 60369 150600  780 149 1065    -3875095    -49      -16656   +141  178  35  307  +22  209  -21 6D
 11 FF 60369 150600  780 293  727    +5919080   -174      -16549    -19  105  33  163   -7  142  -24 54
 25 FF 60369 150600  780 239 2445    -4899977   +131      -16559   +155  141  37  196   -2  248  -25 93
 12 FF 60369 150600  780 355 2098    +4827059    -61      -16749     +9  128  27  137   +6  182  -11 4A
  5 FF 60369 150600  780 138   74    +1636081    -70      -16903    -21   86  18  328  +47  220  -27 17
 29 FF 60369 150600  780 306 3240    +6059099    +11      -16734    +38  109  62  157  -31  203  -49 61
 13 FF 60369 152200  780 348  245    -6299980    +83      -16905    +67  101  26  139  +26  148   +0 45
 15 FF 60369 152200  780 565 3391    -1327761    +88      -16719    +68   85  23   96   +7  115   -4 2F
  6 FF 60369 152200  780 134 1137    -3874982   -212      -16708    -30  135  35  339  +45  189  -20 67
 11 FF 60369 152200  780 304  815    +5919162    -95      -16653    +48   92  33  158   -3  121  -20 26
 25 FF 60369 152200  780 241 2368    -4900062    +84      -16699    +96  105  37  194   -1  224  -25 55
 12 FF 60369 152200  780 336 2017    +4827063    -37      -16822    +23   87  27  144   +7  169  -13 3A
  5 FF 60369 152200  780 121  136    +1636130    -55      -16934    -22   74  18  373  +44  230  -34 18
 29 FF 60369 152200  780 371 3194    +6059150    -32      -16713    -19   82  62  132  -20  161  -38 48
 24 FF 60369 152200  780 520 1634    +4394215   -146      -16836    -68   94  93  101   -7   99  -20 47
 13 FF 60369 153800  780 276  234    -6299878    -99      -16810   -216  198  26  171  +41  147   -4 70
 15 FF 60369 153800  780 496 3462    -1327924    +15      -16855   -108  136  23  105  +11  111   -4 58
  6 FF 60369 153800  780 112 1205    -3874872    -34      -16813    +38   78  35  400  +89  170  -20 42
 11 FF 60369 153800  780 307  905    +5919255   -115      -16691    -71  107  33  156   +0  102  -18 48
 25 FF 60369 153800  780 243 2293    -4900133    +59      -16745    -35  169  37  193   -1  199  -25 63
 12 FF 60369 153800  780 319 1940    +4827074    +11      -16833    -31   86  27  151   +7  155  -15 3B
  5 FF 60369 153800  780 109  200    +1636218    -84      -16872   -156  161  18  413  +34  195  -38 54
 29 FF 60369 153800  780 433 3132    +6059130    +24      -16712    -66  146  62  116  -13  129  -29 5D
 24 FF 60369 153800  780 574 1538    +4394354    -99      -16769   -119  120  93   95   -5   80  -17 63
 13 FF 60369 155400  780 207  232    -6299925    +62      -16826    -22   66  26  224  +72  140  -11 39
 15 FF 60369 155400  780 428 3519    -1327878    -47      -16854   -140  170  23  117  +15  106   -5 68
 11 FF 60369 155400  780 301  994    +5919290   -133      -16777    -63   87  33  159   +5   88   -1 31
 25 FF 60369 155400  780 246 2219    -4900107    -67      -16777   -110  131  37  191   -2  175  -26 62
 12 FF 60369 155400  780 305 1864    +4827138   -105      -16862   -111  129  27  157   +6  138  -18 78
  5 FF 60369 155400  780 102  264    +1636239    -38      -16926    -69  110  18  439  +18  156  -41 45
 29 FF 60369 155400  780 489 3048    +6059071   +174      -16827   +133  268  62  106   -8  103  -23 80
 24 FF 60369 155400  780 623 1413    +4394383    +20      -16849    +27  105  93   90   -3   64  -14 2A
 13 FF 60369 161000  780 141  238    -6299916    +10      -16841   -101  120  27  321 +145  124   -2 42
 15 FF 60369 161000  780 362 3568    -1327994   +106      -16937     -9  110  24  135  +21   99   -8 47
 25 FF 60369 161000  780 250 2147    -4900175    +62      -16861    -25  101  50  188   -3  149  -26 43
 12 FF 60369 161000  780 293 1790    +4827223    -64      -16869   -104  104  30  163   +5  120  -20 4C
 29 FF 60369 161000  780 535 2938    +6059156    -82      -16784   -171  171  63   99   -5   84  -18 60
 24 FF 60369 161000  780 661 1245    +4394413    -38      -16901    -62  103  94   87   -1   53   -2 11
 32 FF 60369 162600  780 150 2340    +6140015    -39      -16860     -3   59  93  306  -76  184  -48 40
 15 FF 60369 162600  780 301   14    -1328050    -54      -16978    -71   79  24  159  +29   89   -3 14
 11 FF 60369 162600  780 261 1159    +5919501    -29      -16883   +112  128  34  181  +19   95   +5 53
 25 FF 60369 162600  780 256 2075    -4900179    -84      -16878    -69  110  50  184   -5  123  -27 61
 12 FF 60369 162600  780 285 1717    +4827231    -54      -16894     +1   76  30  167   +3   99  -22 24
  5 FF 60369 162600  780 102  396    +1636411    +38      -16783    +75   82  19  437  -18  134   +0 1B
 24 FF 60369 162600  780 679 1033    +4394509   -126      -16857    -46   85  14   86   +0   52   +0 24
 32 FF 60369 164200  780 184 2402    +6140008    -20      -16849    -40   80  93  251  -41  142  -39 3F
 15 FF 60369 164200  780 244   59    -1328036    -46      -16890   -122  132  24  192  +41   98  +11 36
 11 FF 60369 164200  780 228 1230    +5919652   -138      -16789    -55  105  34  205  +32  102   +8 5A
 25 FF 60369 164200  780 266 2005    -4900207    +11      -16861    -34   61  50  178   -7   97  -20 22
 18 FF 60369 164200  780 182 3420    +5660362    +51      -16883    +93  119   5  254  -85  113  -15 50
 12 FF 60369 164200  780 280 1643    +4827267    -33      -16858    -33  104  30  169   +1   91   +0 22
  5 FF 60369 164200  780 108  464    +1636388    +25      -16811     +1   62  19  415  -28  132   -2 FE
 29 FF 60369 164200  780 582 2646    +6059122    -54      -16791   -100  122  63   94   +0   57   -1 29
 24 FF 60369 164200  780 667  813    +4394537    -49      -16876    -30   74  14   87   +1   53   +0 04
 32 FF 60369 165800  780 211 2472    +6140065    -71      -16795    -27  102  93  221  -23  108  -22 54
 15 FF 60369 165800  780 192  105    -1328074    +41      -16877    +26   74  24  240  +60  110  +12 2A
 11 FF 60369 165800  780 188 1291    +5919757   -115      -16844    +35   83  34  246  +56  111  +10 6B
 25 FF 60369 165800  780 279 1935    -4900220     -7      -16876     +8   72  50  170   -8   92   -2 05
 18 FF 60369 165800  780 246 3437    +5660439    -94      -16894     +8   83   5  191  -49   98  -14 47
 12 FF 60369 165800  780 279 1569    +4827300     -7      -16873    +55   94  30  170   +0   92   +0 0C
  5 FF 60369 165800  780 117  533    +1636401    +49      -16802    +93  124  19  386  -31  130   -2 23
 29 FF 60369 165800  780 577 2487    +6059042    +60      -16824    +80  160  63   94   +1   57   +0 25
 24 FF 60369 165800  780 630  632    +4394605   -101      -16854    -12   69  14   89   +4   54   +2 09
 32 FF 60369 171400  780 230 2548    +6140104    -36      -16768     +0   65  93  204  -12  102   -3 12
 15 FF 60369 171400  780 146  152    -1328135   +159      -16870   +138  159  24  313  +93  122  +12 67
 11 FF 60369 171400  780 141 1342    +5919846    -51      -16843    +89  106  34  321 +110  123  +13 5F
 25 FF 60369 171400  780 295 1864    -4900207    -87      -16824    -76  108  50  162   -9   89   -3 43
 18 FF 60369 171400  780 315 3448    +5660517    -92      -16867    +11  108   5  153  -31   85  -12 41
 12 FF 60369 171400  780 280 1494    +4827319   -139      -16834    -80  108  30  170   -1   91   -1 38
  5 FF 60369 171400  780 127  603    +1636382   +122      -16807   +163  215  19  356  -29  127   -3 4A
 29 FF 60369 171400  780 555 2342    +6058985   +160      -16869   +171  165  63   97   +3   58   +1 56
 24 FF 60369 171400  780 574  503    +4394677   -136      -16780    -59   75  14   95   +6   57   +3 20
 32 FF 60369 173000  780 240 2628    +6140129    -48      -16787   -133  126  93  195   -5   99   -1 4A
 25 FF 60369 173000  780 315 1793    -4900222    +27      -16828    -85   93  50  152   -9   85   -3 22
 18 FF 60369 173000  780 388 3454    +5660582    -67      -16877    -90  120   5  127  -21   74  -10 4A
 12 FF 60369 173000  780 283 1417    +4827347   -110      -16869   -174  183  30  168   -2   91   +0 4E
  5 FF 60369 173000  780 138  675    +1636494    -51      -16738   -131  151  19  329  -24  124   -3 41
 29 FF 60369 173000  780 522 2216    +6059011    +10      -16838    -94  102  63  101   +5   61   +2 0D
 24 FF 60369 173000  780 508  416    +4394735    -86      -16809   -125  117  14  103  +10   62   +5 35
 32 FF 60369 174600  780 243 2710    +6140147     -3      -16810    +42   68  93  193   +1   99   +0 FD
 28 FF 60369 174600  780 153 2141    +1478972   -103      -16935    +63   85  48  300 -120  120  -16 6E
 25 FF 60369 174600  780 339 1720    -4900238    +80      -16887   +103  113  50  143   -9   81   -4 3B
 18 FF 60369 174600  780 465 3451    +5660640     +1      -16951   +113  122   5  110  -14   66   -8 1E
 12 FF 60369 174600  780 287 1337    +4827415   -120      -16861    -56   90  30  166   -1   90   +0 27
  5 FF 60369 174600  780 148  749    +1636546    -45      -16752     +4  105  19  308  -18  121   -2 20
 29 FF 60369 174600  780 482 2110    +6059018     -6      -16877    +21   58  63  107   +7   64   +3 0D
 24 FF 60369 174600  780 438  359    +4394812   -161      -16813    -65   86  14  115  +15   68   +8 3E
 32 FF 60369 180200  780 239 2791    +6140115     -6      -16809    +29   52  94  196   +5  100   +1 10
 23 FF 60369 180200  780 127 3492    -1668206   +261      -16897   +195  194  47  357  -82  127   -8 91
 28 FF 60369 180200  780 215 2155    +1479111   -250      -16851    -97  108  49  217  -62  105  -14 70
 25 FF 60369 180200  780 365 1644    -4900238   +112      -16828   +124  149  51  134   -8   78   -4 51
 18 FF 60369 180200  780 544 3439    +5660769   -110      -16845    -12   51   6   98  -10   59   -5 28
 12 FF 60369 180200  780 292 1256    +4827413    +45      -16851   +103  104  34  163   -1   89   +0 29
  5 FF 60369 180200  780 156  824    +1636508    -31      -16749     +7   72  20  294  -11  119   -1 02
 29 FF 60369 180200  780 440 2018    +6059032    -38      -16801    -27   59  64  115   +9   68   +5 1C
 24 FF 60369 180200  780 366  321    +4394835     -2      -16822    +76  104  25  133  +23   77  +10 1C
 32 FF 60369 181800  780 229 2871    +6140129    -79      -16857     +4   65  94  204  +10  102   +2 29
 23 FF 60369 181800  780 160 3547    -1668329   +283      -17009   +258  246  47  287  -62  118   -9 91
 28 FF 60369 181800  780 278 2180    +1479253    -99      -16909    +95   96  49  171  -36   92  -12 69
 25 FF 60369 181800  780 393 1563    -4900268   +119      -16892   +169  168  51  126   -8   74   -3 6A
 18 FF 60369 181800  780 626 3410    +5660854   -100      -16909    +42   69   6   90   -6   54   -4 11
 12 FF 60369 181800  780 295 1172    +4827495    -91      -16875     +6  102  34  162   +0   89   +0 1F
  5 FF 60369 181800  780 160  899    +1636505    -34      -16836    +44   76  20  287   -2  118   +0 10
 29 FF 60369 181800  780 398 1937    +6059024    -42      -16872     +9   55  64  125  +11   73   +5 2C
 24 FF 60369 181800  780 295  298    +4394857     +6      -16923   +120  122  25  161  +36   89  +13 4A
 32 FF 60369 183400  780 216 2949    +6140175    +32      -16867    +74   94  94  216  +14  105   +3 42
 23 FF 60369 183400  780 198    2    -1668400    +23      -17016    -37  120  47  234  -47  109   -9 14
 28 FF 60369 183400  780 340 2219    +1479356   -322      -16976   -166  161  49  143  -22   81   -9 75
 25 FF 60369 183400  780 421 1476    -4900267   +111      -16947   +121  141  51  119   -6   70   -3 42
 18 FF 60369 183400  780 709 3347    +5660935   -104      -16946     +0   53   6   84   -4   52   -1 FE
 12 FF 60369 183400  780 295 1086    +4827539    -78      -16908    -19   62  34  162   +0   89   +0 2D
  5 FF 60369 183400  780 158  975    +1636497    +29      -16898    +66   83  20  290   +7  118   +1 24
 29 FF 60369 183400  780 357 1863    +6058978    +69      -16949    +82  124  64  136  +13   79   +5 68
 24 FF 60369 183400  780 226  285    +4394891    -88      -16987    -10  127  25  207  +61  102  +15 5A
 32 FF 60369 185000  780 200 3023    +6140224    -29      -16897     -7   58  94  232  +18  108   +3 22
 23 FF 60369 185000  780 242   57    -1668448   +109      -17053    +37   76  47  195  -35   99  -10 3F
 28 FF 60369 185000  780 398 2274    +1479512   -252      -16987   -108  261  49  125  -15   73   -7 7D
 25 FF 60369 185000  780 448 1380    -4900294    +36      -17002    +32   65  51  113   -5   67   -2 0C
 18 FF 60369 185000  780 786 3189    +5661016    -46      -17006    +39   50   6   81   -1   50   +0 F3
 12 FF 60369 185000  780 291 1000    +4827609    -60      -16939    -17   61  34  164   +3   89   +1 15
  5 FF 60369 185000  780 151 1049    +1636566    -91      -16883    -68  108  20  303  +21  120   +2 2F
 29 FF 60369 185000  780 320 1794    +6058977    +89      -16981    +89   89  64  150  +15   84   +6 58
 24 FF 60369 185000  780 159  282    +4394885    +53      -17090   +121  249  25  288 +119  118  +17 81
 32 FF 60369 190600  780 184 3095    +6140226    -38      -16938   -106  139  94  251  +21  112   +3 5C
 31 FF 60369 190600  780 179 2216    +2278852     -3      -17051    -89  121  21  259  -79  113  -14 54
 23 FF 60369 190600  780 290  112    -1668504    +92      -17055    -75  105  47  165  -26   90   -9 31
 28 FF 60369 190600  780 451 2349    +1479660    -95      -16994    -48   77  49  113   -9   67   -5 48
 25 FF 60369 190600  780 472 1275    -4900290   -100      -17016   -198  235  51  109   -3   65   -2 48
 18 FF 60369 190600  780 833 2677    +5661075    -99      -17026   -100   98   6   80   +0   50   +0 0D
 12 FF 60369 190600  780 282  913    +4827627     -2      -16956    -51   68  34  168   +7   91   +2 05
  5 FF 60369 190600  780 137 1120    +1636495    +41      -16970    -27  118  20  332  +41  124   +4 28
 29 FF 60369 190600  780 286 1726    +6058989    -26      -16988   -117  118  64  166  +17   90   +5 7B
 32 FF 60369 192200  780 169 3165    +6140192    +78      -16980   +134  132  94  272  +22  116   +3 5C
 31 FF 60369 192200  780 233 2257    +2278876    -87      -17023    -46  231  21  202  -44  101  -11 50
 23 FF 60369 192200  780 341  171    -1668582    +41      -17046     -4   88  47  142  -20   81   -8 07
 28 FF 60369 192200  780 494 2447    +1479797    -12      -17003   +154  164  49  105   -6   63   -3 4B
 25 FF 60369 192200  780 488 1159    -4900308   +150      -17042   +177  163  51  106   -2   63   -1 44
 18 FF 60369 192200  780 793 2122    +5661146   -157      -17024    -36   75   6   81   +1   50   +0 FE
 10 FF 60369 192200  780 129 3453      -10395    -16      -17038    +30   95  58  354 -128  127  -13 38
 12 FF 60369 192200  780 267  829    +4827688   -107      -16951    -30   60  34  177  +11   94   +3 38
  5 FF 60369 192200  780 116 1188    +1636494    +29      -17004    +81  100  20  388  +80  130   +7 2E
 29 FF 60369 192200  780 257 1660    +6058909     -8      -17080    +22  131  64  183  +18   96   +5 36
 32 FF 60369 193800  780 156 3233    +6140199    +40      -17010   +121  131  94  294  +21  119   +3 49
 31 FF 60369 193800  780 283 2310    +2278882    -72      -17042     +0  103  21  168  -26   91   -9 26
 23 FF 60369 193800  780 396  235    -1668638    +71      -17073    +57   77  47  125  -15   73   -7 37
 28 FF 60369 193800  780 523 2567    +1479929   -109      -17022    +91   95  49  101   -3   60   -1 3A
 25 FF 60369 193800  780 495 1036    -4900268     -3      -17014    +54   93  51  105   +0   63   +0 FA
 18 FF 60369 193800  780 719 1939    +5661232   -130      -17061    +13   87   6   84   +3   51   +1 09
 10 FF 60369 193800  780 178 3492      -10411   -204      -17053   -133  158  58  259  -75  114  -13 5E
 12 FF 60369 193800  780 244  748    +4827592   +184      -17079   +292  273  34  192  +19   98   +5 72
 29 FF 60369 193800  780 232 1594    +6058946    +69      -17056   +129  133  64  202  +19  101   +5 6B
 32 FF 60369 195400  780 146 3299    +6140222    +44      -17018    +70   97  94  313  +17  122   +2 35
 31 FF 60369 195400  780 328 2377    +2278919    -30      -17035    -34   97  21  147  -17   83   -6 3E
 26 FF 60369 195400  780 160 2107    -1848271   -141      -17051   -107  112  39  287  -98  118  -15 8A
 23 FF 60369 195400  780 452  309    -1668730    +47      -17064    -39   82  47  112  -11   67   -5 23
 28 FF 60369 195400  780 536 2703    +1480036   -130      -17079     +3  155  49   99   +0   60   +0 15
 25 FF 60369 195400  780 489  911    -4900305    +66      -17052    +58   68  51  106   +2   63   +1 07
 18 FF 60369 195400  780 640 1856    +5661302   -102      -17076    -27   72   6   89   +6   54   +3 0F
 10 FF 60369 195400  780 234 3529      -10369    -44      -17058    -29   67  58  201  -48  101  -12 2A
 12 FF 60369 195400  780 215  673    +4827690    -46      -17076     -9   75  34  216  +31  105   +7 22
 29 FF 60369 195400  780 210 1528    +6058944     +5      -17065     +9   83  64  221  +19  106   +4 1C
 32 FF 60369 201000  780 140 3364    +6140213    +96      -17080   +157  149  98  326   +9  123   +1 3B
 31 FF 60369 201000  780 365 2458    +2278901    -35      -17093    +12   71  76  134  -10   77   -4 21
 26 FF 60369 201000  780 218 2086    -1848199   -118      -17060    -34  111  40  214  -56  104  -13 60
 23 FF 60369 201000  780 507  398    -1668810    +43      -17100     +2   68  48  103   -7   62   -4 E6
 28 FF 60369 201000  780 529 2841    +1480142   -443      -17084   -265  308  50  100   +2   60   +0 30
 25 FF 60369 201000  780 469  792    -4900299    +14      -17072    +51   63  55  109   +4   65   +2 03
 18 FF 60369 201000  780 563 1803    +5661341    +11      -17125   +136  142   7   96   +8   58   +4 09
 10 FF 60369 201000  780 294 3564      -10366    +76      -17098   +127  135  81  163  -32   89  -11 36
 12 FF 60369 201000  780 180  605    +4827698    -59      -17139    +21   81  35  256  +54  113   +9 2A
 29 FF 60369 201000  780 193 1461    +6058974    -79      -17034    -40   87  65  239  +18  110   +3 42
 32 FF 60369 202600  780 138 3429    +6140244     +0      -17099    +18   82  98  330   -2  124   +0 08
 31 FF 60369 202600  780 392 2551    +2278869    +80      -17132    +84  105  76  126   -5   74   -3 2F
 26 FF 60369 202600  780 280 2071    -1848143   -122      -17082    -76   96  40  170  -36   92  -12 4A
 23 FF 60369 202600  780 557  510    -1668867    +92      -17112    +10   81  48   97   -5   58   -3 FF
 28 FF 60369 202600  780 507 2970    +1480302   -208      -17087    -74   95  50  103   +4   62   +2 20
 25 FF 60369 202600  780 437  685    -4900361    -74      -17131    -83  183  55  115   +8   68   +4 20
 18 FF 60369 202600  780 490 1761    +5661447    -81      -17130     +0   66   7  106  +11   63   +6 F9
 10 FF 60369 202600  780 359 3597      -10406    +88      -17152    +98  119  81  136  -22   78  -10 2F
 12 FF 60369 202600  780 139  545    +4827706    +88      -17172   +124  164  35  327 +102  124  +12 66
 29 FF 60369 202600  780 180 1392    +6058945    +54      -17089    +46  121  65  257  +16  113   +3 51
 32 FF 60369 204200  780 141 3492    +6140215    +22      -17112     +1   99  98  323  -12  123   -1 09
 31 FF 60369 204200  780 407 2654    +2278925    +96      -17072    +58   76  76  122   -1   72   +0 1A
 26 FF 60369 204200  780 346 2063    -1848115    -94      -17060    -93  143  40  141  -25   80  -10 3E
 23 FF 60369 204200  780 595  652    -1668939    +35      -17072    -87  130  48   93   -2   56   -1 18
 28 FF 60369 204200  780 473 3083    +1480401   -186      -17108    -99  251  50  108   +7   65   +3 38
 25 FF 60369 204200  780 395  594    -4900335   +141      -17087    +91  146  55  125  +13   73   +6 3B
 18 FF 60369 204200  780 420 1722    +5661526    -53      -17121    -15   83   7  119  +16   70   +8 0A
 10 FF 60369 204200  780 429   32      -10370    -48      -17114    -81  123  81  117  -16   69   -8 E2
 29 FF 60369 204200  780 169 1323    +6058954   -120      -17064   -169  183  65  272  +14  131  +33 83
 32 FF 60369 205800  780 149 3555    +6140226   +107      -17135    -29   92  98  306  -21  121   -2 48
 31 FF 60369 205800  780 409 2761    +2278879    +82      -17117    -62   70  76  122   +0   72   +0 19
 26 FF 60369 205800  780 415 2064    -1848043   -122      -17080   -228  198  40  120  -17   71   -8 5C
 23 FF 60369 205800  780 614  822    -1669051   +186      -17128    -41   61  48   91   +0   57   +9 0B
 28 FF 60369 205800  780 431 3179    +1480535   -197      -17154   -210  229  50  117   +9   69   +5 58
 25 FF 60369 205800  780 344  519    -4900364    +54      -17103   -100  106  55  141  +20   89  +29 40
 18 FF 60369 205800  780 355 1684    +5661606     -2      -17141    -69  112   7  137  +21   82  +27 2C
 10 FF 60369 205800  780 504   69      -10354   -120      -17127   -264  241  81  104  -11   62   -5 FB
 29 FF 60369 205800  780 161 1253    +6058962    -39      -17073   -194  193  65  285  +13  163  +33 83
 32 FF 60369 211400  780 163   18    +6140298    -50      -17127    -88  107  98  282  -27  130  +30 37
 31 FF 60369 211400  780 400 2867    +2278916    -34      -17124    -91  140  76  124   +4   73   +7 23
 26 FF 60369 211400  780 487 2077    -1848034     +2      -17106     -8   55  40  106  -12   72   +7 FD
 23 FF 60369 211400  780 609 1001    -1669120    +53      -17135    -90   96  48   91   +1   70  +14 06
 28 FF 60369 211400  780 387 3262    +1480648   -154      -17159    -80  134  50  128  +13   76  +19 67
 25 FF 60369 211400  780 288  460    -4900339     -6      -17111    -76  129  55  165  +32  121  +38 38
 18 FF 60369 211400  780 295 1644    +5661671   -152      -17145   -131  186   7  161  +29  115  +37 74
 10 FF 60369 211400  780 581  116      -10369    +30      -17138    -23   89  81   94   -8   67   +8 CF
 16 FF 60369 211400  780 173 2098    +3516283    +55      -17092    -87   88  80  268  -92  119   +5 53
 29 FF 60369 211400  780 154 1181    +6058920   +133      -17149    +65  101  65  298  +12  195  +33 6D
 32 FF 60369 213000  780 181   81    +6140277   -191      -17225    -75  104  98  255  -28  157  +26 4F
 31 FF 60369 213000  780 381 2967    +2278845    +59      -17235   +162  154  76  129   +6   90  +21 57
 26 FF 60369 213000  780 562 2107    -1848021    +26      -17195   +166  155  40   96   -8   79   +6 30
 23 FF 60369 213000  780 579 1158    -1669169    -25      -17194     -7   72  48   94   +4   85  +17 21
 28 FF 60369 213000  780 341 3336    +1480824   -179      -17201    +55   75  50  142  +17  102  +28 4E
 25 FF 60369 213000  780 228  414    -4900369   +147      -17191   +235  262  55  205  +53  163  +49 6D
 18 FF 60369 213000  780 240 1603    +5661737   -222      -17216    -47  116   7  195  +41  155  +45 56
 10 FF 60369 213000  780 660  184      -10369     +5      -17234   +111  123  81   87   -5   75   +8 CE
 16 FF 60369 213000  780 234 2091    +3516217    +70      -17165    +87  131  80  200  -52  129   +7 37
 29 FF 60369 213000  780 147 1109    +6058911   +107      -17160   +201  185  65  310  +13  228  +34 6B
 32 FF 60369 214600  780 204  145    +6140272    +11      -17253   +121  179  98  228  -27  180  +20 4B
 31 FF 60369 214600  780 355 3061    +2278855    +74      -17257   +166  234  76  137   +9  112  +24 66
 26 FF 60369 214600  780 636 2166    -1847971    -13      -17220   +121  128  40   89   -5   85   +7 32
 23 FF 60369 214600  780 531 1278    -1669279    +59      -17205    +72   95  48  100   +7  103  +21 3D
 28 FF 60369 214600  780 297 3403    +1480933    -78      -17200   +146  139  50  161  +21  132  +33 65
 25 FF 60369 214600  780 166  380    -4900357    -61      -17204    +17  109  55  275 +102  217  +64 59
 18 FF 60369 214600  780 190 1560    +5661828    -72      -17238   +100  154   7  242  +59  202  +52 5A
 10 FF 60369 214600  780 736  310      -10337    -33      -17216    +67   94  81   83   -3   84   +9 CA
 16 FF 60369 214600  780 299 2094    +3516119    +32      -17189    +36   75  80  160  -33  134   +2 3D
 29 FF 60369 214600  780 140 1035    +6058918    +84      -17178   +171  152  65  324  +17  261  +35 74
 27 FF 60369 214600  780 116 2185      +82199    -45      -17177    +76  144  51  391  -87  138  +23 4F
 32 FF 60369 220200  780 232  210    +6140337    -22      -17261   +145  138  99  202  -24  197  +14 45
 31 FF 60369 220200  780 324 3147    +2278897    +77      -17269   +229  237  77  148  +13  137  +28 88
 26 FF 60369 220200  780 706 2283    -1847955    -73      -17300   +121  125  50   85   -3   93   +9 29
 23 FF 60369 220200  780 472 1363    -1669345   +152      -17277   +214  213  49  109  +11  127  +27 79
 28 FF 60369 220200  780 256 3466    +1481054   -163      -17297   +121  122  51  184  +27  167  +39 83
 18 FF 60369 220200  780 146 1513    +5661922    -41      -17299   +192  180   8  313  +90  256  +59 65
 10 FF 60369 220200  780 795  606      -10341    +16      -17281   +171  156  82   81   +0   94  +10 EA
 16 FF 60369 220200  780 367 2106    +3516071    -64      -17241     +0  111  82  134  -22  135   +0 13
 29 FF 60369 220200  780 132  962    +6058907   -139      -17238     +4   91  66  344  +24  297  +38 4E
 27 FF 60369 220200  780 144 2129      +82160    +58      -17274   +240  210  52  317  -66  198  +20 3D
 32 FF 60369 221800  780 262  277    +6140381    -50      -17242    -11   79  99  180  -21  208  +10 30
 31 FF 60369 221800  780 293 3227    +2278865   +107      -17311   +126  169  77  163  +16  167  +32 8A
 26 FF 60369 221800  780 758 2518    -1847905    -82      -17273    -24  102  50   82   -1  103  +10 36
 23 FF 60369 221800  780 407 1421    -1669414   +172      -17274   +103  128  49  122  +17  157  +35 7A
 28 FF 60369 221800  780 218 3526    +1481162   -103      -17323    +46   97  51  213  +33  207  +44 53
 10 FF 60369 221800  780 795 1114      -10320    -39      -17273    -15  128  82   81   +0  105  +12 FA
 16 FF 60369 221800  780 436 2133    +3515923    +47      -17259    -23  137  82  116  -15  136   +0 46
 29 FF 60369 221800  780 121  890    +6058867    +55      -17275    +61   82  66  374  +38  335  +42 53
 27 FF 60369 221800  780 177 2075      +82223    -12      -17274    +32   76  52  261  -51  215  +14 1C
 32 FF 60369 223400  780 295  348    +6140334   -155      -17315   -249  246  99  162  -17  216   +6 6A
 31 FF 60369 223400  780 261 3301    +2278886    +12      -17304    -94  125  77  181  +20  201  +37 4F
 26 FF 60369 223400  780 768 2887    -1847846    -61      -17293   -125  126  50   82   +0  114  +12 5A
 23 FF 60369 223400  780 340 1458    -1669490    +14      -17283   -174  162  49  142  +25  196  +45 7A
 28 FF 60369 223400  780 185 3586    +1481290   -155      -17310   -128  126  51  249  +40  252  +49 87
 10 FF 60369 223400  780 735 1405      -10334    +49      -17280    -52   80  82   83   +3  118  +15 F1
 16 FF 60369 223400  780 506 2179    +3515838    +80      -17302   -110  125  82  103  -10  137   +1 46
 27 FF 60369 223400  780 215 2023      +82206   +118      -17336    +42   67  52  217  -39  225   +7 1C
 32 FF 60369 225000  780 329  424    +6140355    -82      -17312    -37  121  99  147  -13  221   +4 2C
 31 FF 60369 225000  780 232 3372    +2278874    +42      -17319    +71   97  77  202  +23  238  +41 4C
 26 FF 60369 225000  780 728 3185    -1847823    -77      -17316     -5   63  50   83   +2  126  +14 1F
 23 FF 60369 225000  780 273 1480    -1669594    +94      -17336    +35   73  49  173  +40  244  +56 5C
 28 FF 60369 225000  780 157   46    +1481430    -47      -17352   +110  124  51  291  +46  301  +52 35
 10 FF 60369 225000  780 658 1519      -10327    +77      -17332   +106  117  82   87   +5  134  +19 21
 16 FF 60369 225000  780 572 2253    +3515775    +80      -17309    +19   56  82   95   -6  139   +3 23
 27 FF 60369 225000  780 258 1973      +82276    -96      -17296    -39   71  52  183  -31  230   +1 24
 32 FF 60369 230600  780 362  507    +6140411     -6      -17273    -17   67  99  135  -10  225   +3 0C
 31 FF 60369 230600  780 205 3440    +2278890    -16      -17307    -39  103  77  226  +26  279  +43 62
 26 FF 60369 230600  780 664 3348    -1847801    +62      -17310    +81   85  50   87   +4  142  +18 2D
 23 FF 60369 230600  780 207 1490    -1669645   +162      -17308    +54   80  49  224  +69  305  +69 6D
 28 FF 60369 230600  780 134  107    +1481530   -229      -17330   -119  129  51  338  +50  352  +54 64
 21 FF 60369 230600  780 104 2588    -1331053    +34      -17229    +22   55  38  429  -31  286  +29 48
 10 FF 60369 230600  780 577 1568      -10300    -49      -17314    -67  104  82   94   +8  156  +26 16
 16 FF 60369 230600  780 630 2373    +3515669     +1      -17309   -110  131  82   90   -4  144   +6 1A
 27 FF 60369 230600  780 305 1924      +82304    -72      -17300    -68   79  52  157  -24  229   -2 17
 32 FF 60369 232200  780 392  598    +6140399   -224      -17302    -75  154  99  126   -7  229   +4 4D
 31 FF 60369 232200  780 183 3507    +2278890    -59      -17336    +75  122  77  252  +27  323  +45 69
 26 FF 60369 232200  780 591 3442    -1847726    -23      -17306   +151  134  50   93   +7  163  +24 48
 23 FF 60369 232200  780 143 1490    -1669757    +59      -17316   +111  122  49  317 +138  378  +82 8E
 28 FF 60369 232200  780 116  168    +1481682    -67      -17308   +201  178  51  387  +48  403  +53 67
 21 FF 60369 232200  780 112 2519    -1331050    -90      -17272    +58   88  38  402  -26  314  +28 3F
 10 FF 60369 232200  780 497 1588      -10322     -3      -17320   +141  141  82  104  +12  185  +34 1A
 16 FF 60369 232200  780 671 2552    +3515596   +183      -17300   +231  213  82   87   -1  151   +8 43
 27 FF 60369 232200  780 358 1874      +82349   -110      -17316    +58   80  52  136  -18  226   -5 2F
 32 FF 60369 233800  780 415  698    +6140438    +12      -17311    +21   49  99  120   -4  234   +6 11
 31 FF 60369 233800  780 165 3573    +2278919    -40      -17314    -45   95  77  278  +25  367  +45 6D
 26 FF 60369 233800  780 518 3505    -1847698    -39      -17349     -7   72  50  101  +10  190  +31 45
 28 FF 60369 233800  780 104  230    +1481850    -63      -17352    +59   87  51  429  +38  453  +49 49
 21 FF 60369 233800  780 120 2450    -1330985    -42      -17223    -38   80  38  378  -24  340  +26 47
 10 FF 60369 233800  780 420 1593      -10328   -144      -17360   -146  152  82  119  +18  222  +43 4C
  8 FF 60369 233800  780 144 2095     -209412   +259      -17279    -48   65   5  319 -114  348   -5 3F
 16 FF 60369 233800  780 682 2780    +3515497   +151      -17373    +53   67  82   86   +0  161  +12 45
 27 FF 60369 233800  780 415 1824      +82401    -38      -17296    -17   86  52  120  -14  220   -6 13
 32 FF 60369 235400  780 429  806    +6140473    -36      -17259    -70   78  99  117   -1  242  +10 32
 31 FF 60369 235400  780 152   38    +2278880    -44      -17313   -107  121  77  300  +19  409  +42 44
 26 FF 60369 235400  780 447 3553    -1847644    -63      -17300    -79   95  50  113  +14  225  +41 53
 21 FF 60369 235400  780 128 2382    -1331033    +23      -17222    -22   96  38  354  -25  364  +23 3C
  3 FF 60369 235400  780 153 3142    -2244546   +214      -17272    -65  161  93  301 -101  365  -10 5C
 10 FF 60369 235400  780 347 1588      -10328    +37      -17306    -10  118  82  140  +26  269  +54 33
  8 FF 60369 235400  780 198 2066     -209678   +340      -17243    -24  100   5  235  -66  338  -13 41
 16 FF 60369 235400  780 660 2999    +3515423   +146      -17311    +10   78  82   87   +2  174  +15 41
 27 FF 60369 235400  780 476 1769      +82399    -97      -17270   -116  118  52  108  -11  214   -5 4E
