CGGTTS GPS DATA FORMAT VERSION = 01
REV DATE = 2004-02018
RECV = Freqtime remote calibration receiver  ver.1.26TCXO
CH = 12
IMS = 2581475
LAB = ID0077
X = -1837358.52m
Y = +6069701.98m
Z = -679398.12m
FRAME = WGS-84
COMMENT = BMKG2
INT DLY =        0.0 ns
CAB DLY =      600.0 ns
REF DLY =        5.0 ns
REF = EXTERNAL
CKSUM = AA

PRN CL  MJD  STTIME TRKL ELV AZTH   REFSV      SRSV     REFGPS    SRGPS  DSG IOE MDTR SMDT MDIO SMDI CK
             hhmmss  s  .1dg .1dg    .1ns     .1ps/s     .1ns    .1ps/s .1ns     .1ns.1ps/s.1ns.1ps/s  
  8 FF 60369 001400  780 253 2042    +9802626   +173      -13200   -128  158  58  186  -43  295  -15 70
 21 FF 60369 001400  780 136 2314    +8654343   +172      -13363   +186  235  12  335  -28  394  +20 73
 16 FF 60369 001400  780 614 3159   +13509718    +93      -13016     +9   82  79   91   +4  175  +20 29
 27 FF 60369 001400  780 539 1709   +10066733    -39      -13033    -10  121  87   99   -8  192   -2 3B
 32 FF 60369 001400  780 433  919   +16125972    -22      -13046     -6   53 121  116   +1  233  +15 1E
 31 FF 60369 001400  780 147  102   +12265512    +72      -13336    +72  127  82  310  +10  411  +36 31
 26 FF 60369 001400  780 382 3593    +8135540     -7      -13187    +34   62  44  129  +19  245  +46 3E
  3 FF 60369 001400  780 202 3088    +7762147     +4      -13329   -231  275  87  230  -53  360  -12 40
 10 FF 60369 001400  780 277 1576    +9976003   +140      -13221   +147  153  34  171  +39  300  +60 6A
  8 FF 60369 003000  780 317 2022    +9802359   +284      -13203    -20  157  58  152  -29  279  -17 5D
 21 FF 60369 003000  780 149 2247    +8654338     -4      -13381     +9  215  12  308  -29  411  +15 2D
 16 FF 60369 003000  780 556 3279   +13509594   +102      -13058    +17   91  79   97   +7  198  +26 61
 27 FF 60369 003000  780 605 1630   +10066789   -145      -12981   -114  167  87   92   -6  190   +0 60
 32 FF 60369 003000  780 421 1028   +16125977    -59      -13058    -41   72 121  119   +4  250  +21 45
 31 FF 60369 003000  780 145  168   +12265484    -86      -13366    -85  184  82  315   +0  443  +30 47
 26 FF 60369 003000  780 319   33    +8135497    +40      -13244    +82  111  44  151  +27  295  +56 2C
  3 FF 60369 003000  780 247 3026    +7761994   +379      -13257   +145  146  87  190  -31  349   -9 74
 10 FF 60369 003000  780 212 1556    +9975972    +68      -13257    +74  116  34  219  +62  363  +69 6A
  8 FF 60369 004600  780 385 2009    +9802127   +149      -13146   -155  157  58  128  -20  261  -17 77
 21 FF 60369 004600  780 165 2180    +8654395    -93      -13338    -79  170  12  279  -30  424  +10 62
 16 FF 60369 004600  780 492 3367   +13509462   +159      -13108    +75   86  79  105  +10  226  +34 76
 27 FF 60369 004600  780 671 1515   +10066873   -116      -12952    -85  101  87   87   -4  191   +2 52
 32 FF 60369 004600  780 395 1128   +16125945     -1      -13106    +16   73 121  125   +8  274  +28 3E
 31 FF 60369 004600  780 147  235   +12265529   +110      -13322   +111  177  82  310   -9  470  +23 53
 26 FF 60369 004600  780 259   73    +8135515    -70      -13266    -28  140  44  182  +37  354  +65 3F
  3 FF 60369 004600  780 286 2954    +7761693   +254      -13332    +20  152  87  166  -19  341   -6 58
 10 FF 60369 004600  780 153 1530    +9975891    +22      -13343    +27   82  34  299 +112  434  +78 62
  8 FF 60369 010200  780 458 2003    +9801930   +210      -13053    -93  124  58  111  -14  245  -15 44
 21 FF 60369 010200  780 185 2114    +8654409   -249      -13339   -234  306  12  250  -29  431   +4 62
 16 FF 60369 010200  780 428 3436   +13509333   +193      -13154   +107  132  79  117  +14  263  +43 83
 27 FF 60369 010200  780 727 1326   +10066902     -4      -12953    +26   82  87   84   -1  195   +5 15
 32 FF 60369 010200  780 358 1215   +16125958    -23      -13110     -6   74 121  136  +14  306  +38 44
 26 FF 60369 010200  780 205  114    +8135560   -116      -13287    -74  149  44  226  +55  421  +74 53
  3 FF 60369 010200  780 318 2873    +7761556    +43      -13217   -189  182  87  151  -12  337   -2 52
  2 FF 60369 010200  780 112 2227   +14767406    -19      -13328    -81  261  14  401  -75  437   +9 40
  8 FF 60369 011800  780 534 2007    +9801667   +297      -13030     -3  104  58   99  -10  233  -10 33
 21 FF 60369 011800  780 209 2049    +8654495    -62      -13267    -47  118  12  222  -27  432   -1 4B
 16 FF 60369 011800  780 365 3495   +13509200   +214      -13232   +130  131  79  134  +20  309  +51 76
 27 FF 60369 011800  780 756 1020   +10066982   -118      -12902    -89   89  87   82   +0  202   +9 43
 32 FF 60369 011800  780 312 1286   +16125903    +81      -13180    +98  106 121  154  +22  347  +49 73
 26 FF 60369 011800  780 156  157    +8135583   -145      -13279   -103  110  44  292  +85  497  +82 7D
  3 FF 60369 011800  780 341 2784    +7761306   +105      -13241   -127  225  87  142   -7  337   +2 43
  2 FF 60369 011800  780 136 2164   +14767411   -116      -13267   -176  235  14  334  -62  444   +3 68
  8 FF 60369 013400  780 613 2027    +9801407    +93      -12997   -210  191  58   91   -7  224   -5 30
 21 FF 60369 013400  780 238 1984    +8654493    -24      -13283    -10  154  12  197  -25  427   -7 55
 16 FF 60369 013400  780 306 3549   +13509109   +137      -13241    +52  132  79  156  +27  363  +61 7B
 27 FF 60369 013400  780 738  689   +10066945   -151      -12942   -121  151  87   83   +1  212  +12 5B
 32 FF 60369 013400  780 259 1343   +16125846   +104      -13253   +121  118 121  182  +37  400  +61 85
  3 FF 60369 013400  780 355 2689    +7761111   +192      -13210    -43  154  87  137   -3  342   +7 35
  2 FF 60369 013400  780 164 2102   +14767287   +127      -13305    +67  214  14  280  -51  443   -4 4D
  8 FF 60369 015000  780 693 2079    +9801164   +283      -12952    -19  107  58   85   -4  221   -1 32
 21 FF 60369 015000  780 272 1918    +8654579    +22      -13209    +31  129  12  174  -21  417  -13 53
 16 FF 60369 015000  780 251    0   +13509022    +43      -13194    -41  132  79  187  +37  426  +69 2D
 27 FF 60369 015000  780 683  474   +10066942   +100      -12977   +134  155  87   86   +3  227  +18 64
 32 FF 60369 015000  780 202 1386   +16125873    -28      -13239    -20   79 121  229  +65  465  +74 71
  4 FF 60369 015000  780 298 3371    +6954733    +53      -13202    -36  123 101  161  -35  380  -39 55
  3 FF 60369 015000  780 361 2593    +7760978   +151      -13141    -89  116  87  135   -1  351  +11 4B
  2 FF 60369 015000  780 197 2041   +14767279   +183      -13282   +123  154  14  235  -41  436  -10 74
  8 FF 60369 020600  780 770 2212    +9800897   +261      -12903    -40   96  59   82   -2  223   +4 19
 21 FF 60369 020600  780 310 1851    +8654590    -11      -13210     +3  101  13  155  -18  403  -16 24
 16 FF 60369 020600  780 201   50   +13508937   +109      -13223    +24   93 103  230  +53  496  +76 4A
 27 FF 60369 020600  780 612  356   +10066994    -43      -12982    -12   71  88   91   +6  248  +26 34
 32 FF 60369 020600  780 143 1416   +16125818     +0      -13309    +17   96 124  317 +132  542  +86 60
  4 FF 60369 020600  780 369 3361    +6954736   +100      -13137     +9   77 102  133  -23  343  -35 46
  3 FF 60369 020600  780 359 2496    +7760719   +566      -13202   +333  344  88  136   +1  364  +15 68
  2 FF 60369 020600  780 235 1982   +14767265    +66      -13240     +8  137  40  200  -33  423  -16 3E
  8 FF 60369 022200  780 823 2624    +9800611   +226      -12927    -72   91  59   80   -1  229   +7 1A
 21 FF 60369 022200  780 353 1782    +8654690    -59      -13125    -44  123  13  138  -15  386  -18 63
 16 FF 60369 022200  780 157  101   +13508883   +154      -13195    +71  129 103  292  +76  572  +80 7C
 27 FF 60369 022200  780 535  290   +10066989    +87      -13016   +119  115  88   99  +10  279  +37 70
  4 FF 60369 022200  780 443 3338    +6954714    -22      -13071   -114  127 102  114  -15  313  -27 58
  3 FF 60369 022200  780 352 2402    +7760497   +201      -13171    -32  140  88  138   +3  380  +18 39
  2 FF 60369 022200  780 278 1922   +14767271    +26      -13149    -33  110  40  171  -26  405  -20 49
  8 FF 60369 023800  780 797 3194    +9800301   +326      -12949    +26   77  59   81   +1  238  +11 3A
 21 FF 60369 023800  780 399 1707    +8654712    -78      -13090    -64  119  13  124  -12  368  -18 6D
 27 FF 60369 023800  780 458  251   +10066986     -5      -13049    +25   71  88  111  +15  321  +50 35
 28 FF 60369 023800  780 140  997   +11458524    -98      -13234    +33  114  40  326  +15  614  +19 60
  4 FF 60369 023800  780 517 3299    +6954673    -12      -13022   -106  108 102  102  -10  290  -20 5B
  3 FF 60369 023800  780 341 2311    +7760260   +224      -13183    -10  165  88  142   +4  399  +21 3C
  2 FF 60369 023800  780 325 1862   +14767220    +54      -13142     -6  123  40  148  -20  383  -23 3A
  8 FF 60369 030600  780 665 3481    +9799806   +342      -12962    +40   76  59   87   +5  264  +22 49
 21 FF 60369 030600  780 484 1554    +8654833    +92      -13020   +106  134  13  107   -8  339  -14 53
 27 FF 60369 030600  780 325  222   +10066957    +50      -13103    +82   90  88  148  +31  428  +77 48
  4 FF 60369 030600  780 643 3158    +6954564   +117      -12978    +25   64 102   89   -5  267   -6 40
  3 FF 60369 030600  780 317 2162    +7759833   +228      -13213     -8  144  88  151   +6  437  +22 3B
  2 FF 60369 030600  780 418 1751   +14767252   -113      -13035   -174  170  40  120  -13  344  -22 66
  9 FF 60369 030600  780 215 3197    +8906526    -23      -13123   -150  201  26  217  -58  518  -53 5E
  8 FF 60369 032200  780 584 3538    +9799475   +309      -12979     +9   68  59   94   +8  290  +31 4D
 21 FF 60369 032200  780 530 1445    +8654863    -74      -12979    -58   99  13  100   -5  327   -9 3C
 27 FF 60369 032200  780 253  220   +10066986    -23      -13131     +7  103  88  185  +49  510  +93 41
 31 FF 60369 032200  780 247  959   +12265736   +129      -13121   +129  141  88  190   +4  512  +13 66
  4 FF 60369 032200  780 702 2996    +6954500   +138      -12981    +46   95 102   85   -2  263   -1 2D
  3 FF 60369 032200  780 304 2082    +7759596   +217      -13244    -18  130   6  157   +6  458  +22 39
  2 FF 60369 032200  780 476 1679   +14767225    -89      -13004   -149  168  40  108  -10  324  -19 79
  9 FF 60369 032200  780 274 3154    +8906363    +60      -13134    -69  164  26  173  -34  470  -46 55
  8 FF 60369 033800  780 506 3578    +9799154   +383      -13009    +81   88  59  103  +11  326  +43 65
 21 FF 60369 033800  780 570 1313    +8654941     -1      -12941    +13   51  13   95   -3  320   -4 F1
 27 FF 60369 033800  780 185  225   +10066970   +283      -13175   +312  266  88  248  +87  608 +110 A1
 31 FF 60369 033800  780 238 1038   +12265693   +132      -13140   +134  127  88  197  +10  528  +21 89
  4 FF 60369 033800  780 736 2735    +6954443    -12      -12924   -101  131 102   83   +0  264   +3 2A
  3 FF 60369 033800  780 292 2004    +7759385   +400      -13257   +167  189   6  163   +5  479  +20 58
  2 FF 60369 033800  780 534 1593   +14767189    +29      -12956    -30  119  40   99   -7  308  -14 53
  9 FF 60369 033800  780 330 3098    +8906324   +145      -13076    +17  123  26  147  -21  430  -37 5D
  8 FF 60369 035400  780 430   11    +9798876   +277      -12999    -25   68  59  117  +16  373  +55 54
 21 FF 60369 035400  780 597 1154    +8654968   -157      -12923   -149  144  13   92   -1  318   +1 5C
 17 FF 60369 035400  780 153 2251    +2832544     +1      -13286    +14  277  64  300 -101  590  -44 4D
 31 FF 60369 035400  780 221 1114   +12265687    +51      -13169    +44   62  88  211  +19  554  +31 52
  4 FF 60369 035400  780 730 2431    +6954311    +30      -12963    -66  125 102   83   +1  270   +7 15
  3 FF 60369 035400  780 284 1927    +7759141   +269      -13274    +35  158   6  168   +4  497  +17 56
  2 FF 60369 035400  780 591 1485   +14767168   +134      -12968    +65  102  40   93   -5  296   -9 51
  9 FF 60369 035400  780 381 3027    +8906260    -31      -13016   -158  167  26  129  -14  398  -27 6C
  8 FF 60369 041000  780 359   42    +9798540   +320      -13047    +21   71  60  136  +23  432  +67 1F
 21 FF 60369 041000  780 604  976    +8654986    +65      -12893    +80   96  14   92   +0  322   +7 14
 17 FF 60369 041000  780 202 2302    +2832634   +109      -13208   +123  240  66  230  -51  549  -38 67
 31 FF 60369 041000  780 196 1183   +12265687    +16      -13172    +17   62  91  236  +33  588  +41 5C
  4 FF 60369 041000  780 688 2199    +6954235   +179      -12950    +86  114 103   85   +3  279  +12 5C
  3 FF 60369 041000  780 278 1852    +7758928   +101      -13208   -133  203   7  171   +2  512  +13 3A
  2 FF 60369 041000  780 641 1339   +14767145     -3      -12879    -64   83   4   89   -3  311   -4 F8
  9 FF 60369 041000  780 424 2941    +8906109   +162      -13043    +31   97  27  118   -9  376  -18 41
  8 FF 60369 042600  780 293   73    +9798232   +360      -13090    +58  104  60  163  +33  502  +78 3F
 21 FF 60369 042600  780 588  803    +8654994    -31      -12927    -17   53  14   93   +2  333  +14 21
 17 FF 60369 042600  780 246 2365    +2832679   -130      -13176   -117  188  66  191  -30  516  -30 8D
 31 FF 60369 042600  780 164 1246   +12265608   +129      -13250   +130  127  91  279  +59  633  +51 8E
  7 FF 60369 042600  780 141 3387   +10717795   -373      -13169   -284  337  30  324 -126  740  -82 A8
  4 FF 60369 042600  780 630 2052    +6954120    +80      -12977    -11  142 103   89   +5  294  +18 33
  3 FF 60369 042600  780 275 1778    +7758719   +231      -13216     -4  145   7  172   +0  523   +9 1E
  2 FF 60369 042600  780 675 1144   +14767096    -85      -12897   -145  130   4   86   -1  309   +1 35
  9 FF 60369 042600  780 458 2839    +8906010   +177      -13018    +49  112  27  111   -5  361  -10 48
  8 FF 60369 044200  780 231  107    +9797917   +305      -13089     +2   85  60  202  +50  583  +87 32
 21 FF 60369 044200  780 552  655    +8654989    -11      -12947     +4   71  14   97   +5  351  +23 10
 17 FF 60369 044200  780 282 2438    +2832780    -70      -13062    -56  205  66  169  -18  491  -20 66
 31 FF 60369 044200  780 126 1301   +12265593    +11      -13267    +12   70  91  357 +114  687  +61 5E
  4 FF 60369 044200  780 566 1952    +6954023   +121      -12985    +29   94 103   95   +7  316  +25 43
  3 FF 60369 044200  780 277 1703    +7758476   +245      -13233    +10  127   7  171   -1  530   +4 1C
  2 FF 60369 044200  780 681  912   +14767073   +203      -12862   +143  135   4   86   +0  313   +6 19
  9 FF 60369 044200  780 479 2724    +8905909   +212      -12994    +83  116  27  107   -2  354   -3 4C
  8 FF 60369 045800  780 175  142    +9797619   +383      -13096    +78  112  60  262  +79  671  +94 73
 21 FF 60369 045800  780 502  541    +8654979    +74      -12968    +88  173  14  104   +8  379  +35 59
 17 FF 60369 045800  780 309 2521    +2832769    +62      -13087    +76  191  66  155  -10  475  -11 6C
  7 FF 60369 045800  780 261 3422   +10718064    -55      -13098    +33  155  30  181  -42  584  -76 65
  4 FF 60369 045800  780 502 1878    +6953899   +164      -13022    +73  101 103  104   +9  344  +33 5E
  3 FF 60369 045800  780 281 1628    +7758284   +120      -13173   -114  133   7  169   -3  533   +1 39
  2 FF 60369 045800  780 657  697   +14767000    -45      -12878   -106  111   4   87   +2  322  +12 2B
  9 FF 60369 045800  780 488 2602    +8905870   +157      -12909    +28   78  27  106   +0  354   +2 3D
 19 FF 60369 045800  780 116 2319    +5514005   +286      -13194   +236  327  55  390 -120  681  -33 98
 21 FF 60369 051400  780 442  457    +8654998    +88      -12965   +103   98  14  114  +13  419  +48 64
 17 FF 60369 051400  780 325 2611    +2832904    -42      -12991    -29   93  66  148   -4  468   -1 34
  7 FF 60369 051400  780 328 3432   +10718213   -115      -13007    -24   88  30  147  -28  515  -68 5A
  4 FF 60369 051400  780 440 1816    +6953809   +209      -13048   +112  161 103  115  +13  379  +39 7A
  3 FF 60369 051400  780 289 1551    +7758080    +98      -13177   -141  160   7  165   -4  531   -3 30
  2 FF 60369 051400  780 609  537   +14766889   +189      -12931   +129  134   4   91   +5  338  +21 4C
  9 FF 60369 051400  780 484 2479    +8905646   +187      -13009    +59  118  27  107   +1  358   +7 54
 19 FF 60369 051400  780 149 2378    +5514057    +21      -13062    -31  219  55  307  -61  651  -27 5D
 21 FF 60369 053000  780 377  396    +8654977    +32      -13001    +46   61  14  130  +19  473  +63 38
 17 FF 60369 053000  780 331 2705    +2832925    -23      -12984     -8  236  66  146   +0  470   +6 27
  7 FF 60369 053000  780 399 3436   +10718327   -112      -12978    -24   85  30  124  -19  454  -57 6F
  4 FF 60369 053000  780 381 1760    +6953665     +3      -13079    -89  129 103  129  +16  421  +45 52
  3 FF 60369 053000  780 299 1472    +7757808   +325      -13223    +86  176   7  160   -5  527   -5 39
  2 FF 60369 053000  780 548  429   +14766844    +71      -12917    +10   82   4   97   +8  363  +32 0D
  9 FF 60369 053000  780 470 2362    +8905523   +195      -12981    +68  101  27  109   +3  368  +12 4E
 19 FF 60369 053000  780 176 2443    +5514000   -232      -13094   -286  341  55  263  -34  629  -19 82
 21 FF 60369 054600  780 311  354    +8654941    +54      -13024    +69   85  14  154  +30  541  +79 3A
 17 FF 60369 054600  780 326 2799    +2832969    -86      -12951    -74  150  66  148   +3  480  +14 6D
  7 FF 60369 054600  780 474 3431   +10718418   -146      -12946    -58   74  30  108  -13  404  -45 67
  4 FF 60369 054600  780 327 1707    +6953485    +54      -13144    -36   84 103  147  +21  466  +48 59
  3 FF 60369 054600  780 310 1390    +7757675   +228      -13132     -5   86   7  155   -5  521   -7 0B
  2 FF 60369 054600  780 481  358   +14766738    +46      -12939    -14   74   4  107  +12  400  +44 2E
  9 FF 60369 054600  780 448 2255    +8905381    +57      -12997    -72  105  27  113   +5  382  +16 4F
 19 FF 60369 054600  780 195 2515    +5514053   +368      -12990   +315  500  55  238  -18  614  -10 87
 21 FF 60369 060200  780 245  324    +8654940    +13      -13062    +28   68 116  191  +49  625  +95 4D
 30 FF 60369 060200  780 244 3304   +14249942   -183      -12951   -233  280 110  193  -50  588  -84 A6
 17 FF 60369 060200  780 314 2890    +2833018    +76      -12915    +90  124  68  153   +7  498  +21 50
  6 FF 60369 060200  780 136 2127    +6106484   -244      -13228    -89  199  28  336 -155  725  -84 89
  7 FF 60369 060200  780 552 3416   +10718554   -113      -12921    -24   65 121   97   -9  366  -33 4E
  4 FF 60369 060200  780 277 1655    +6953368    +52      -13170    -39  122 104  171  +27  514  +50 58
  3 FF 60369 060200  780 321 1305    +7757410   +105      -13141   -129  137  68  150   -4  514   -7 36
  2 FF 60369 060200  780 412  311   +14766652    +32      -12964    -27   54  15  121  +17  449  +58 31
  9 FF 60369 060200  780 422 2157    +8905215    +14      -13040   -117  158  28  119   +6  399  +19 4D
 19 FF 60369 060200  780 207 2590    +5514082   +229      -12913   +176  262  62  225   -8  608   -1 5C
 30 FF 60369 061800  780 311 3287   +14249880   +184      -12963   +131  160 110  155  -31  513  -71 9A
 17 FF 60369 061800  780 296 2976    +2833006    +53      -12915    +68  131  68  161  +10  521  +27 62
  6 FF 60369 061800  780 199 2141    +6106655   -123      -13233    +31  197  28  234  -73  646  -80 66
  7 FF 60369 061800  780 633 3384   +10718654   -192      -12905   -103  125 121   89   -6  339  -22 7A
  4 FF 60369 061800  780 232 1603    +6953298    +83      -13177     -9  135 104  202  +35  562  +50 4A
  3 FF 60369 061800  780 331 1217    +7757229   +315      -13123    +78   80  68  146   -3  507   -5 2D
  2 FF 60369 061800  780 342  280   +14766549   +113      -13037    +55   68  15  141  +26  513  +73 47
  9 FF 60369 061800  780 393 2067    +8905114    +52      -13017    -79  123  28  126   +7  419  +21 3F
 19 FF 60369 061800  780 211 2668    +5514073    +18      -12844    -34  258  62  220   -1  610   +5 32
 30 FF 60369 063400  780 379 3258   +14249904    -21      -12890    -73  112 110  130  -20  450  -58 78
 17 FF 60369 063400  780 274 3057    +2832971     +8      -12975     -2  145  68  173  +13  550  +31 41
  6 FF 60369 063400  780 263 2167    +6106895    -82      -13115    +72  162  28  180  -41  573  -71 54
  7 FF 60369 063400  780 714 3316   +10718733   -203      -12885   -114  126 121   84   -4  323  -12 65
  4 FF 60369 063400  780 192 1550    +6953144   +147      -13270    +55  117 104  241  +46  609  +47 6B
  3 FF 60369 063400  780 338 1125    +7757013   +283      -13142    +49   63  68  143   -1  503   -2 1F
  2 FF 60369 063400  780 274  263   +14766465    +53      -13037     -5   55  15  172  +40  590  +87 2D
  9 FF 60369 063400  780 365 1984    +8904931   +155      -13104    +26  145  28  134   +8  440  +22 4F
 19 FF 60369 063400  780 210 2747    +5514099    -48      -12793   -100  277  62  222   +4  619  +13 63
 30 FF 60369 065000  780 447 3214   +14249821    +77      -12925    +26   89 110  113  -14  400  -45 64
 14 FF 60369 065000  780 126 3434    +6605079    +70      -13068    -28  129 187  360 -106  778  -70 91
 17 FF 60369 065000  780 250 3134    +2832965    +67      -12994    +80  226  11  188  +17  582  +34 68
  6 FF 60369 065000  780 325 2206    +6107087   -262      -13075   -105  138  28  148  -25  510  -59 6F
  7 FF 60369 065000  780 790 3140   +10718815    -80      -12914     +8   62 121   81   -1  314   -5 0A
  4 FF 60369 065000  780 157 1494    +6953041   +188      -13257    +96  143 104  292  +61  653  +43 79
  3 FF 60369 065000  780 339 1031    +7756797   +214      -13105    -19   66  68  143   +0  503   +2 22
  2 FF 60369 065000  780 209  255   +14766370   +185      -13100   +126  134  15  222  +67  680 +100 69
  9 FF 60369 065000  780 338 1906    +8904749   +235      -13160   +105  125  28  143  +10  461  +21 66
 19 FF 60369 065000  780 202 2825    +5514014    -86      -12826   -140  236  62  229  +10  634  +18 66
 30 FF 60369 070600  780 513 3149   +14249769    +37      -12900    -16  105 110  102   -9  362  -33 63
 14 FF 60369 070600  780 167 3482    +6605050   +137      -13028    +38  101 187  276  -70  708  -74 88
 17 FF 60369 070600  780 226 3206    +2832975    +69      -12997    +83  196  11  206  +20  653  +36 6E
  6 FF 60369 070600  780 384 2262    +6107168     -6      -13143   +149  194  28  128  -16  460  -45 55
  7 FF 60369 070600  780 831 2599   +10718882    -74      -12932    +12   81 121   80   +0  311   +0 1E
  4 FF 60369 070600  780 126 1437    +6952908   +175      -13304    +86  122 104  359  +79  692  +38 84
  3 FF 60369 070600  780 335  936    +7756572   +223      -13103    -12   50  68  144   +3  508   +8 13
  9 FF 60369 070600  780 314 1831    +8904628    +72      -13131    -55  123  28  153  +10  481  +19 46
 19 FF 60369 070600  780 191 2901    +5513897    -39      -12892    -93  264  62  242  +15  654  +22 72
 30 FF 60369 072200  780 573 3055   +14249668    +66      -12953    +16   67   0   95   -6  358  -24 3B
 14 FF 60369 072200  780 212 3528    +6604971   +178      -12986    +79  217 187  220  -48  637  -74 A2
  6 FF 60369 072200  780 438 2338    +6107444   -153      -13017     +1   89  28  115  -10  421  -33 2D
  7 FF 60369 072200  780 786 2085   +10718928   +106      -12973   +197  176 121   81   +1  311   +3 63
  9 FF 60369 072200  780 293 1758    +8904504    +53      -13129    -76  126  28  163  +10  498  +16 5D
 19 FF 60369 072200  780 178 2976    +5513755   +280      -12982   +226  281  62  259  +19  677  +24 A4
 22 FF 60369 073800  780 119 3423    +9751697   -147      -13022    -87  170  60  381 -139  788  -88 A9
 30 FF 60369 073800  780 623 2920   +14249658    +33      -12914    -16   86   0   90   -3  339  -14 2D
 14 FF 60369 073800  780 263 3574    +6604868   +259      -12994   +162  173 187  180  -35  566  -71 BD
  6 FF 60369 073800  780 481 2436    +6107610   -116      -13027    +39   99  28  107   -6  395  -22 46
  7 FF 60369 073800  780 710 1913   +10719037    -71      -12949    +16   74 121   84   +4  317   +9 2F
 11 FF 60369 073800  780 167 2240   +15902394    -69      -13217    +55  221  29  275  -85  648  -69 8B
  9 FF 60369 073800  780 275 1686    +8904359   +185      -13177    +55  141  28  172   +9  513  +12 65
 19 FF 60369 073800  780 164 3048    +5513632     +7      -13028    -47  268  62  280  +23  701  +24 4D
 22 FF 60369 075400  780 165 3461    +9751804    -77      -12979     -8  106  60  279  -82  703  -87 73
 30 FF 60369 075400  780 654 2741   +14249578    +80      -12971    +30   82   0   88   -1  329   -7 22
 14 FF 60369 075400  780 319   19    +6604756   +155      -13038    +57   88 187  151  -25  500  -65 5D
 17 FF 60369 075400  780 169 3408    +2832966    +22      -13039    +25  250  11  272  +21  739  +19 61
  6 FF 60369 075400  780 511 2555    +6107761   -153      -13006    +13  113  28  103   -2  378  -11 37
  7 FF 60369 075400  780 631 1832   +10719106    -92      -12969     +3   67 121   89   +6  330  +17 30
 11 FF 60369 075400  780 217 2288   +15902573    -14      -13157   +111  197  29  215  -46  586  -59 95
  9 FF 60369 075400  780 261 1614    +8904220   +210      -13191    +81  128  28  180   +7  523   +8 30
 22 FF 60369 081000  780 216 3497    +9751953   -138      -12887    -77  139  61  216  -52  620  -84 8F
 30 FF 60369 081000  780 659 2535   +14249546    +62      -12928    +11   73   1   87   +1  324   -1 10
 14 FF 60369 081000  780 379   66    +6604650   +162      -13049    +64   79 188  130  -18  441  -57 5A
 17 FF 60369 081000  780 158 3472    +2832967    -17      -13053     -3  100  12  290  +16  753   +9 34
  6 FF 60369 081000  780 522 2690    +6107904   -215      -12984    -60  146  29  101   +0  371   -2 2C
  7 FF 60369 081000  780 553 1778   +10719157   -112      -13002    -24  118 122   97   +9  352  +26 58
 11 FF 60369 081000  780 262 2347   +15902738   -398      -13109   -275  275  30  181  -27  535  -47 A3
  9 FF 60369 081000  780 251 1543    +8904106    +68      -13158    -58  125  30  187   +6  529   +4 2E
 19 FF 60369 081000  780 139 3188    +5513526    -52      -13061   -105  295  95  328  +24  741  +15 75
 22 FF 60369 082600  780 273 3530    +9751899   +112      -12998   +172  177  61  174  -35  542  -77 A4
 20 FF 60369 082600  780 147 2116    +6129590   +157      -13228   +171  235 181  313 -130  656  -86 A7
 30 FF 60369 082600  780 640 2340   +14249494    +85      -12955    +31   95   1   89   +2  325   +3 18
 14 FF 60369 082600  780 443  117    +6604569   +108      -13008     +9   69 188  114  -13  390  -47 57
 17 FF 60369 082600  780 151 3536    +2832967     -2      -13067    +11   71  12  302   +7  757   -2 11
  6 FF 60369 082600  780 516 2827    +6108088    -55      -13003   +101  117  29  102   +2  372   +5 2A
  7 FF 60369 082600  780 478 1735   +10719159    +28      -13086   +115  177 122  108  +12  382  +35 8A
 11 FF 60369 082600  780 300 2418   +15902904   -206      -13035    -83  180  30  160  -16  495  -35 74
  9 FF 60369 082600  780 244 1470    +8903967    -90      -13197   -221  241  30  193   +4  532   +1 3D
 22 FF 60369 084200  780 334 3562    +9751995    -16      -12986    +42   86  61  145  -25  472  -68 6E
 20 FF 60369 084200  780 209 2112    +6129699   -133      -13104   -120  208 181  223  -66  574  -81 8D
 30 FF 60369 084200  780 601 2183   +14249430    +80      -12971    +28  117   1   92   +4  331   +9 17
 14 FF 60369 084200  780 509  178    +6604493   +120      -12988    +20   59 188  103  -10  349  -37 6B
 17 FF 60369 084200  780 150 3599    +2832974     -4      -13072     +7   91  12  305   -1  750  -13 14
  6 FF 60369 084200  780 493 2954    +6108225   -155      -12988     +1  114  29  105   +4  381  +13 3C
  7 FF 60369 084200  780 407 1695   +10719207     +0      -13122    +87  124 122  122  +17  420  +43 45
 11 FF 60369 084200  780 329 2500   +15903019   -225      -13037   -102  149  30  147   -9  466  -24 76
  9 FF 60369 084200  780 239 1396    +8903856    +26      -13159   -101  125  30  196   +2  531   -2 3F
 19 FF 60369 084200  780 125 3323    +5513443    -19      -13041    -72  290  95  362   +8  754   -3 3C
 22 FF 60369 085800  780 399 3592    +9752037    -84      -12975    -25   64  61  124  -18  411  -57 6F
 20 FF 60369 085800  780 274 2118    +6129733    -56      -13110    -42  121 181  173  -39  500  -73 69
 30 FF 60369 085800  780 553 2062   +14249349    +95      -13005    +46  129   1   97   +6  342  +14 3C
 14 FF 60369 085800  780 576  256    +6604426    +67      -12960    -33   69 188   95   -7  317  -28 51
 17 FF 60369 085800  780 153   62    +2833006    +89      -13053   +102  116  12  298  -11  731  -24 40
  6 FF 60369 085800  780 458 3065    +6108360   -166      -13004    -10  118  29  111   +7  397  +20 47
  7 FF 60369 085800  780 342 1655   +10719214   +116      -13174   +204  202 122  142  +24  464  +47 83
 11 FF 60369 085800  780 347 2590   +15903192   -201      -12982    -77  110  30  140   -4  446  -14 6A
  9 FF 60369 085800  780 236 1321    +8903698    +77      -13191    -52   90  30  198   +1  527   -4 2B
 19 FF 60369 085800  780 124 3389    +5513409   +201      -13024   +148  186  95  364   -5  745  -14 81
 22 FF 60369 091400  780 469   23    +9752114    -89      -12957    -27   88  61  109  -13  361  -47 42
 20 FF 60369 091400  780 341 2134    +6129739   -272      -13091   -259  240   4  142  -25  467  -66 74
 30 FF 60369 091400  780 501 1966   +14249246   +107      -13056    +54   71   1  104   +8  359  +19 45
 14 FF 60369 091400  780 639  366    +6604342   +230      -12975   +130  131 188   89   -4  294  -19 6D
 17 FF 60369 091400  780 162  125    +2832918    +14      -13155    +27   76  12  284  -19  704  -33 39
  6 FF 60369 091400  780 417 3161    +6108486   -172      -13028    -14  145  29  120  +10  420  +27 4C
  7 FF 60369 091400  780 281 1615   +10719273   +147      -13227   +236  203 122  169  +33  511  +49 8C
 11 FF 60369 091400  780 355 2685   +15903334   -124      -12986     +0  205  30  137   -1  436   -6 45
  9 FF 60369 091400  780 234 1245    +8903611    +81      -13182    -18   71  30  200   +0  521   -6 FF
 19 FF 60369 091400  780 129 3454    +5513345    +63      -13010     +9  124  95  353  -18  725  -26 4F
 22 FF 60369 093000  780 542   57    +9752190    -26      -12965    +33   93  61   98   -9  320  -36 15
 20 FF 60369 093000  780 408 2163    +6129800   -176      -13069   -163  168   4  122  -17  409  -53 6F
 30 FF 60369 093000  780 449 1886   +14249167    +77      -13086    +24  121   1  113  +10  379  +23 59
 14 FF 60369 093000  780 692  535    +6604263   +116      -12935    +20   58 188   85   -2  279  -12 45
 17 FF 60369 093000  780 175  189    +2832968     -2      -13118    +11   90  12  263  -23  668  -40 2C
  6 FF 60369 093000  780 372 3244    +6108652   -131      -13037    +23   84  29  132  +14  450  +32 38
  7 FF 60369 093000  780 225 1572   +10719247     +1      -13339    +91  136 122  207  +47  558  +48 60
 11 FF 60369 093000  780 353 2781   +15903475   -123      -12962     -1  163  30  138   +2  433   +1 39
  9 FF 60369 093000  780 232 1167    +8903441   +177      -13247    +46   70   7  202   +1  554   -7 13
 19 FF 60369 093000  780 138 3519    +5513266    +56      -13038     +2   96  95  330  -28  695  -36 51
 22 FF 60369 094600  780 618  100    +9752336   -190      -12850   -130  142  61   91   -6  290  -26 48
 20 FF 60369 094600  780 474 2212    +6129900    -12      -12983     +0  141   4  108  -11  363  -41 23
 30 FF 60369 094600  780 398 1816   +14249071   +263      -13107   +212  203   1  124  +13  403  +25 68
 14 FF 60369 094600  780 720  782    +6604290    -61      -12838   -160  153 188   84   +0  269   -7 4C
 17 FF 60369 094600  780 193  253    +2833034   -164      -13064   -151  155  12  240  -23  627  -44 68
  6 FF 60369 094600  780 326 3318    +6108792    -72      -13019    +82  154  29  148  +18  483  +36 61
  7 FF 60369 094600  780 175 1528   +10719401    +73      -13269   +160  163 122  263  +71  603  +43 7D
 11 FF 60369 094600  780 341 2875   +15903617   -151      -12913    -27  174  30  142   +5  437   +6 5D
  9 FF 60369 094600  780 229 1089    +8903364    +49      -13173    -80   79   7  204   +3  548   -5 21
 19 FF 60369 094600  780 153 3583    +5513269    +71      -13009    +16   89  95  299  -33  655  -44 70
 22 FF 60369 100200  780 695  169    +9752371    -19      -12899    +39   88 104   85   -4  269  -18 4D
 20 FF 60369 100200  780 537 2286    +6129928    +15      -12973    +29   77   5   99   -7  329  -29 32
 30 FF 60369 100200  780 351 1752   +14249000    +59      -13131     +9  134   2  138  +16  428  +26 2C
 14 FF 60369 100200  780 709 1052    +6604110   +176      -12898    +79  104 189   84   +1  264   -3 48
 17 FF 60369 100200  780 214  320    +2833028   -224      -13082   -209  247  13  218  -22  583  -46 5B
  6 FF 60369 100200  780 282 3385    +6108912   -164      -13050    -10  138  30  168  +24  518  +37 4F
  7 FF 60369 100200  780 130 1480   +10719475    -17      -13285    +70  133 123  349 +113  642  +36 6F
 11 FF 60369 100200  780 323 2965   +15903729   -170      -12918    -46  134  31  149   +9  446  +11 6C
  5 FF 60369 100200  780 174 2151   +11622796    -64      -13215    -49  267 136  265  -92  575  -84 7F
  9 FF 60369 100200  780 223 1010    +8903271    +11      -13143   -118  130  20  209   +6  544   -3 0D
 19 FF 60369 100200  780 173   47    +5513145    +95      -13086    +41   87  96  266  -34  609  -50 32
 22 FF 60369 101800  780 769  311    +9752459    -84      -12842    -24   78 104   82   -2  254  -12 32
 13 FF 60369 101800  780 132 2157    +3687470   -161      -13290   -195  250   5  346  -68  666  -56 7F
 20 FF 60369 101800  780 590 2394    +6130037   -149      -12877   -136  131   5   93   -4  305  -20 44
 30 FF 60369 101800  780 307 1690   +14248953   +131      -13128    +80  104   2  156  +19  452  +24 5C
 14 FF 60369 101800  780 665 1253    +6604006   +115      -12906    +16   67 189   87   +3  263   +2 36
 17 FF 60369 101800  780 238  388    +2833086   -209      -13011   -196  209  13  197  -19  539  -45 84
  6 FF 60369 101800  780 241 3448    +6109049   -196      -13062    -41  179  30  194  +30  554  +34 5D
 11 FF 60369 101800  780 299 3050   +15903879    -43      -12911    +77  155  31  159  +12  459  +14 76
  5 FF 60369 101800  780 235 2174   +11622834    -72      -13164    -57  190 136  199  -50  498  -74 81
 19 FF 60369 101800  780 198  112    +5513139   +155      -13041   +102  144  96  234  -31  559  -53 67
 22 FF 60369 103400  780 821  704    +9752572    -88      -12794    -19   44 104   81   -1  244   -8 20
 13 FF 60369 103400  780 160 2099    +3687517     -9      -13210    -43  125   5  287  -54  610  -58 3D
 20 FF 60369 103400  780 627 2545    +6130048   -117      -12878   -104  114   5   90   -2  289  -12 42
 30 FF 60369 103400  780 268 1630   +14248884     -8      -13148    -59  129   2  176  +23  474  +21 51
 14 FF 60369 103400  780 602 1375    +6603876    +95      -12941     -2   86 189   92   +6  268   +8 2C
  6 FF 60369 103400  780 205 3510    +6109168    -45      -13119   +107  167  30  227  +37  585  +30 51
 11 FF 60369 103400  780 274 3129   +15903948    +11      -12961   +132  162  31  173  +15  474  +16 73
  5 FF 60369 103400  780 296 2209   +11622891    +71      -13147    +86  132 136  162  -30  433  -61 67
 19 FF 60369 103400  780 228  178    +5513088   -105      -13040   -159  140  96  205  -27  507  -54 71
 22 FF 60369 105000  780 799 1261    +9752612    -72      -12811    -12   62   3   81   +0  257   -4 F9
 13 FF 60369 105000  780 193 2044    +3687484    +73      -13237    +39  170   5  240  -43  554  -59 50
 20 FF 60369 105000  780 642 2730    +6130028    +23      -12912    +37  116   5   89   +0  279   -7 02
 30 FF 60369 105000  780 233 1569   +14248771   +170      -13238   +119  167   2  201  +27  492  +16 75
 14 FF 60369 105000  780 532 1446    +6603768    +95      -12953     -4   69 189   99   +9  280  +15 43
  6 FF 60369 105000  780 172 3570    +6109220   -112      -13217    +44  100  30  267  +45  611  +22 34
 11 FF 60369 105000  780 248 3204   +15903985   -132      -13041    -10  190  31  190  +18  489  +15 6E
  5 FF 60369 105000  780 354 2258   +11622990    -67      -13036    -52  141 136  138  -19  379  -49 7C
 19 FF 60369 105000  780 261  247    +5513061    -11      -12990    -64   79  96  181  -23  456  -51 3E
 22 FF 60369 110600  780 730 1480    +9752597   -107      -12883    -48  103   3   83   +3  255   +0 25
 13 FF 60369 110600  780 231 1990    +3687492    -28      -13171    -60  149   5  203  -34  497  -58 58
 20 FF 60369 110600  780 630 2917    +6130073    -25      -12879    -12   91   5   89   +1  275   -1 FC
 30 FF 60369 110600  780 203 1509   +14248755    -27      -13206    -78  125   2  229  +31  506  +11 4A
 14 FF 60369 110600  780 460 1486    +6603595   +251      -13032   +152  166 189  111  +14  298  +21 89
  6 FF 60369 110600  780 145   30    +6109281    -20      -13279   +133  130  30  314  +52  628  +11 16
 11 FF 60369 110600  780 223 3275   +15904080   -121      -13066     +3  295  31  209  +22  502  +11 49
  5 FF 60369 110600  780 407 2325   +11623068   -163      -12999   -149  177 136  122  -12  336  -38 9C
 19 FF 60369 110600  780 297  319    +5513014    +31      -12986    -22   46  96  161  -18  409  -47 45
 22 FF 60369 112200  780 651 1559    +9752640    -15      -12925    +44   90   3   88   +5  257   +5 09
 13 FF 60369 112200  780 274 1937    +3687493   +100      -13161    +66  124   5  173  -27  442  -56 5C
 20 FF 60369 112200  780 596 3076    +6130091   -101      -12873    -88  131   5   92   +4  276   +3 1D
 30 FF 60369 112200  780 176 1447   +14248645    +45      -13242     -5  111   2  261  +35  513   +5 20
 14 FF 60369 112200  780 388 1508    +6603469   +148      -13091    +50  129 189  127  +20  322  +27 7F
  6 FF 60369 112200  780 123   91    +6109259   +106      -13449   +261  224  30  366  +55  634   +0 29
  5 FF 60369 112200  780 452 2411   +11623109     +7      -12973    +22   89 136  112   -8  304  -28 29
 19 FF 60369 112200  780 334  396    +5512980    +29      -12968    -24   54  96  145  -14  365  -42 4D
 22 FF 60369 113800  780 571 1591    +9752663    +41      -12933   +101  140   3   95   +8  266  +12 33
 13 FF 60369 113800  780 321 1884    +3687464    -82      -13131   -117  148   5  150  -21  389  -52 63
 20 FF 60369 113800  780 548 3198    +6130104    +75      -12874    +87  117   5   98   +6  281   +8 24
 30 FF 60369 113800  780 154 1384   +14248585   +161      -13277   +110  142   2  297  +39  515   +0 66
 14 FF 60369 113800  780 319 1516    +6603349   +181      -13087    +80  106 189  151  +29  350  +30 7D
 12 FF 60369 113800  780 135 3191   +14813333   -119      -13271    -83  181  25  338 -144  633 -113 9D
 11 FF 60369 113800  780 181 3411   +15904076    +32      -13277   +153  335  31  255  +23  514   -1 58
  5 FF 60369 113800  780 485 2518   +11623128    -38      -12968    -24  108 136  106   -4  280  -20 5F
 19 FF 60369 113800  780 370  480    +5512964    +12      -12933    -39  120  96  132  -11  327  -36 4A
 22 FF 60369 115400  780 493 1601    +9752676    +53      -12983   +121  122   3  105  +12  281  +18 50
 13 FF 60369 115400  780 374 1831    +3687514   +104      -13048    +69  101   5  132  -16  341  -47 52
 20 FF 60369 115400  780 493 3293    +6130059    +16      -12938    +37   87   5  105   +9  292  +13 29
 30 FF 60369 115400  780 135 1320   +14248593    +21      -13195    -28   57   2  336  +42  512   -6 2A
 14 FF 60369 115400  780 252 1514    +6603231   +156      -13143    +65  152 189  186  +46  380  +31 75
 17 FF 60369 115400  780 350  892    +2833255    +13      -12944    +26   73  78  139   +0  348  -15 2E
 12 FF 60369 115400  780 192 3152   +14813499    -62      -13145    -19  169  25  242  -69  535  -91 80
 11 FF 60369 115400  780 166 3477   +15904132    -41      -13361    +72  140  31  277  +20  509   -9 51
 15 FF 60369 115400  780 167 2106    +8659439    +35      -13225     +1  162  12  276  -91  527  -84 54
  5 FF 60369 115400  780 504 2641   +11623260    -24      -12845    -17   77 136  103   -1  264  -13 39
 19 FF 60369 115400  780 403  573    +5512951   -100      -12924   -149  196  96  123   -7  296  -29 6F
 22 FF 60369 121000  780 417 1599    +9752686   +127      -13030   +187  218   4  120  +18  301  +23 63
 13 FF 60369 121000  780 430 1775    +3687560   -107      -12996   -142  168  11  117  -13  298  -41 85
 20 FF 60369 121000  780 437 3368    +6129987   +141      -13023   +155  149  33  115  +12  306  +16 71
 30 FF 60369 121000  780 119 1255   +14248572    -12      -13166    -66  106   4  378  +45  503  -11 4D
 14 FF 60369 121000  780 189 1504    +6603121   +172      -13130    +73  115 190  244  +78  409  +28 6C
 17 FF 60369 121000  780 345  987    +2833264    -23      -12948     -8   49  83  141   +3  336   -9 14
 12 FF 60369 121000  780 245 3101   +14813484   +244      -13167   +279  308  26  192  -39  456  -73 95
 11 FF 60369 121000  780 156 3542   +15904089    -51      -13523    +71  117  32  294  +14  496  -18 69
 15 FF 60369 121000  780 225 2091    +8659455   +170      -13195   +130  169  13  208  -54  449  -76 88
 24 FF 60369 121000  780 115 2374   +14380431   -309      -13165   -250  421  87  392  -42  550  -43 86
  5 FF 60369 121000  780 506 2771   +11623240    +70      -12879    +86  115 137  103   +1  254   -7 3A
 19 FF 60369 121000  780 430  677    +5512979    +61      -12817     +7  111 104  117   -5  270  -23 2F
 22 FF 60369 122600  780 345 1588    +9752743    -38      -13057    +22  144   4  140  +25  326  +26 4A
 13 FF 60369 122600  780 490 1712    +3687585    -46      -12938    -80  117  11  106  -10  262  -34 5D
 20 FF 60369 122600  780 380 3433    +6129910    +39      -13112    +51   84  33  129  +16  324  +19 3A
 30 FF 60369 122600  780 106 1190   +14248575    -53      -13140   -104  110   4  424  +49  489  -15 5F
 14 FF 60369 122600  780 130 1487    +6602931   +153      -13252    +53   92 190  347 +152  434  +21 71
 17 FF 60369 122600  780 329 1079    +2833330    -13      -12895     +0   45  83  147   +8  330   -2 10
 12 FF 60369 122600  780 294 3040   +14813590    -28      -13123     +7  107  26  162  -23  393  -57 54
 11 FF 60369 122600  780 150    7   +15904176   -126      -13555     -4   87  32  304   +5  474  -26 0F
 15 FF 60369 122600  780 286 2082    +8659522   +130      -13063    +88  146  13  166  -34  381  -66 79
 24 FF 60369 122600  780 129 2310   +14380476   -233      -13176   -175  329  87  353  -39  507  -44 A2
  5 FF 60369 122600  780 491 2898   +11623294     -9      -12840     +5   95 137  105   +3  249   -3 21
 22 FF 60369 124200  780 278 1571    +9752783     +4      -13075    +63  117   4  171  +38  352  +27 3D
 13 FF 60369 124200  780 552 1638    +3687633    -31      -12832    -65  113  11   97   -7  232  -27 3B
 20 FF 60369 124200  780 327 3491    +6129836    +21      -13200    +35  107  33  147  +21  342  +19 43
 17 FF 60369 124200  780 302 1163    +2833313    -27      -12925    -13   53  83  158  +15  330   +2 22
 12 FF 60369 124200  780 338 2966   +14813706   -112      -13040    -76  124  26  144  -15  345  -44 79
 11 FF 60369 124200  780 150   72   +15904248    +25      -13573   +149  152  32  305   -4  446  -33 3B
 15 FF 60369 124200  780 351 2082    +8659543   -276      -13005   -316  280  13  139  -23  322  -55 7E
 24 FF 60369 124200  780 145 2248   +14380560   -181      -13146   -122  258  87  315  -37  464  -45 99
  5 FF 60369 124200  780 464 3014   +11623118   +120      -13004   +136  154 137  110   +6  248   +0 42
 19 FF 60369 124200  780 450  906    +5512979    +16      -12715    -37   63 104  113   +0  236  -12 2E
 22 FF 60369 125800  780 214 1547    +9752720    +21      -13170    +81  180   4  217  +61  377  +24 40
 13 FF 60369 125800  780 615 1541    +3687643    -68      -12787   -102  127  11   91   -5  208  -21 51
 20 FF 60369 125800  780 276 3545    +6129738    +31      -13310    +44  116  33  171  +28  360  +17 53
 17 FF 60369 125800  780 265 1237    +2833314    +41      -12937    +54   80  83  178  +25  335   +7 41
 12 FF 60369 125800  780 373 2880   +14813820   -187      -12962   -151  158  26  132   -9  307  -34 8D
 11 FF 60369 125800  780 155  138   +15904351   -156      -13588    -35  110  32  296  -13  411  -37 6D
 15 FF 60369 125800  780 419 2092    +8659594    +58      -12916    +19  115  13  120  -16  273  -45 6E
 24 FF 60369 125800  780 164 2187   +14380613     +7      -13176    +66  213  87  280  -35  420  -45 63
  5 FF 60369 125800  780 428 3116   +11623148    +32      -13014    +47  149 137  117   +9  250   +3 3D
 19 FF 60369 125800  780 440 1020    +5512948    +76      -12720    +21   52 104  115   +3  226   -7 23
 22 FF 60369 131400  780 155 1518    +9752863    +14      -13084    +75  126   4  294 +107  398  +17 67
 13 FF 60369 131400  780 672 1401    +3687722    -35      -12703    -69   86  11   87   -3  189  -16 33
 20 FF 60369 131400  780 230 3597    +6129583   +319      -13452   +334  329  33  203  +37  374  +12 7B
 17 FF 60369 131400  780 221 1300    +2833253    +59      -12984    +72   92  83  211  +44  345  +11 3A
 12 FF 60369 131400  780 399 2784   +14813982   -243      -12834   -207  218  26  124   -5  278  -25 94
 11 FF 60369 131400  780 164  204   +15904474     -7      -13610   +115  150  32  279  -19  374  -40 4D
 15 FF 60369 131400  780 489 2116    +8659696    -77      -12774   -117  175  13  106  -11  233  -35 84
 24 FF 60369 131400  780 187 2128   +14380714   -179      -13104   -121  249  87  247  -32  375  -45 9D
  5 FF 60369 131400  780 387 3204   +11623073   -416      -13104   -402  346 137  127  +12  255   +5 6B
 25 FF 60369 131400  780 128 2963    +5086610   -585      -13322   -598  538  35  354  -90  519  -71 9F
 19 FF 60369 131400  780 415 1125    +5512914     -5      -12678    -59   95 104  120   +7  221   -3 1E
 13 FF 60369 133000  780 715 1189    +3687492    +39      -12874     +4   57  11   84   -1  175  -13 1F
 17 FF 60369 133000  780 171 1351    +2833255    -17      -13022     -3   72  83  268  +81  356  +12 2A
 12 FF 60369 133000  780 414 2681   +14814047    -79      -12779    -42  151  26  121   -2  256  -20 54
 11 FF 60369 133000  780 178  271   +15904817   -224      -13358   -102  137  32  259  -22  335  -41 78
 15 FF 60369 133000  780 559 2161    +8659698    +44      -12736     +7  116  13   96   -8  202  -27 3A
 24 FF 60369 133000  780 214 2070   +14380878    -43      -13023    +15  123  87  218  -28  331  -44 60
  5 FF 60369 133000  780 344 3283   +11623109    +80      -13080    +94  129 137  141  +15  260   +5 46
 19 FF 60369 133000  780 379 1215    +5512877    +69      -12690    +18   69 104  130  +12  220   +0 40
 13 FF 60369 134600  780 726  907    +3687658    -85      -12675   -118  117  11   84   +0  164  -10 48
 20 FF 60369 134600  780 153  103    +6129534   -105      -13553    -91  123  33  299  +65  383   -4 46
 12 FF 60369 134600  780 420 2575   +14814102    -42      -12786     -7  115  26  119   +0  239  -15 3F
 15 FF 60369 134600  780 627 2240    +8659642    +44      -12752     +4  101  13   90   -5  179  -21 23
 24 FF 60369 134600  780 245 2013   +14380994   -239      -12933   -184  186  87  192  -25  289  -43 B2
  5 FF 60369 134600  780 301 3355   +11623037     +1      -13168    +14  119 137  158  +20  264   +3 33
 19 FF 60369 134600  780 333 1289    +5512731   +170      -12783   +115  113   6  145  +19  250   +5 53
 15 FF 60369 140200  780 686 2377    +8659623    +13      -12737    -24   91  23   86   -3  161  -16 35
 24 FF 60369 140200  780 281 1957   +14381086    -60      -12927     -2  135  93  169  -21  248  -40 63
  5 FF 60369 140200  780 261 3422   +11622949     +1      -13271    +14  190 138  181  +25  266   +0 32
 13 FF 60369 141800  780 643  474    +3687500    -30      -12766    -65  106  26   88   +4  149   -4 21
 15 FF 60369 141800  780 725 2602    +8659546   +211      -12800   +171  178  23   84   -1  147  -12 5B
 24 FF 60369 141800  780 321 1900   +14381124   -162      -12918   -104  170  93  150  -18  211  -37 7F
  5 FF 60369 141800  780 224 3486   +11622909   +190      -13298   +205  243 138  208  +31  264   -5 83
 13 FF 60369 143400  780 574  369    +3687431    +56      -12803    +22   71  26   95   +7  146   -2 0A
 15 FF 60369 143400  780 727 2891    +8659422   +158      -12886   +118  179  23   84   +1  136  -10 72
 24 FF 60369 143400  780 365 1842   +14381263    -58      -12863     +1   91  93  134  -15  177  -33 53
 19 FF 60369 143400  780 166 1422    +5512359   +227      -13009   +174  165   7  276  +98  271   +5 67
 29 FF 60369 145000  780 242 3269   +16045961   +159      -13132   +150  197  62  195  -51  256  -63 9F
 13 FF 60369 145000  780 500  305    +3687343    +93      -12885    +60   71  26  104  +11  145   +0 0F
  6 FF 60369 145000  780 158  990    +6111821    -75      -12839    +81  102  35  290   +8  230  -23 23
 15 FF 60369 145000  780 691 3130    +8659236    -47      -13035    -86  120  23   85   +2  127   -8 29
 24 FF 60369 145000  780 413 1781   +14381302    -31      -12879    +28  126  93  121  -12  147  -29 68
 29 FF 60369 150600  780 307 3237   +16046011    -36      -13073    -44  111  62  156  -30  202  -49 5C
 13 FF 60369 150600  780 425  266    +3687099   +236      -13069   +201  178  26  118  +17  146   +0 60
 12 FF 60369 150600  780 352 2098   +14814121   -114      -12939    -77  178  27  138   +6  182  -12 74
 15 FF 60369 150600  780 633 3285    +8659302   -159      -12905   -199  178  23   89   +5  120   -6 65
  5 FF 60369 150600  780 141   73   +11622942    +18      -13321    +31   99  18  323  +45  217  -27 1B
 25 FF 60369 150600  780 236 2444    +5087091   +140      -12793   +129  207  37  198   -1  249  -25 78
 29 FF 60369 152200  780 371 3191   +16046107    -44      -12969    -53  136  62  132  -19  160  -38 75
 13 FF 60369 152200  780 351  244    +3686988    +39      -13148     +5   41  26  138  +26  147   +0 17
  6 FF 60369 152200  780 135 1138    +6112074   -162      -12888     -5  100  35  336  +46  188  -20 43
 12 FF 60369 152200  780 333 2018   +14814081    +63      -12989    +99  164  27  145   +7  169  -13 66
 15 FF 60369 152200  780 566 3386    +8659266    +55      -12902    +15   93  23   95   +7  114   -4 26
 24 FF 60369 152200  780 519 1638   +14381390    -26      -12902    +31   70  93  101   -7   98  -21 35
 25 FF 60369 152200  780 238 2367    +5086889    +32      -12959    +21  146  37  197   -1  224  -25 5F
 29 FF 60369 153800  780 433 3128   +16046066   -103      -13000   -112  173  62  116  -13  128  -29 81
 13 FF 60369 153800  780 279  233    +3687013    +48      -13090    +12   85  26  170  +41  145   -4 20
  6 FF 60369 153800  780 113 1206    +6112095    -67      -13017    +88   95  35  398  +90  168  -20 45
 12 FF 60369 153800  780 317 1941   +14814069    +34      -13035    +71  164  27  152   +6  155  -16 57
 11 FF 60369 153800  780 309  907   +15906307    -60      -12865    +62  100  33  155   +1  101  -18 3B
 15 FF 60369 153800  780 498 3458    +8659064   +449      -13066   +409  344  23  104  +11  110   -4 7A
 24 FF 60369 153800  780 572 1543   +14381491    -77      -12829    -20   87  93   95   -5   80  -17 44
 25 FF 60369 153800  780 240 2292    +5086860    -89      -12976   -101  162  37  195   -1  200  -25 65
 29 FF 60369 155400  780 488 3043   +16046126    -95      -12937    -94  114  62  106   -8  103  -22 67
 13 FF 60369 155400  780 210  231    +3686975    +34      -13095     -1   78  26  221  +70  138  -11 1E
 12 FF 60369 155400  780 302 1865   +14814109    -55      -13062    -12   94  27  158   +6  138  -18 4C
 11 FF 60369 155400  780 303  996   +15906332     -8      -12932   +115  108  33  158   +5   87   +0 26
 15 FF 60369 155400  780 430 3516    +8659086    -36      -13028    -81  105  23  117  +15  105   -5 47
 24 FF 60369 155400  780 622 1420   +14381537    -10      -12861    +40   75  93   90   -3   64  -15 1E
 25 FF 60369 155400  780 243 2219    +5086800   +176      -13035   +178  227  37  193   -2  175  -26 76
 29 FF 60369 161000  780 534 2933   +16046065   +138      -13015   +129  147  63   99   -4   83  -18 68
 12 FF 60369 161000  780 291 1792   +14814097   -125      -13106    -90  123  30  164   +4  119  -20 5A
 15 FF 60369 161000  780 365 3566    +8658914    +35      -13137     -4   85  24  134  +20   98   -8 25
 24 FF 60369 161000  780 662 1253   +14381495   +242      -12930   +293  263  94   87   -1   53   -1 4B
 25 FF 60369 161000  780 247 2147    +5086681   +272      -13167   +260  311  50  190   -4  149  -26 6A
 29 FF 60369 162600  780 566 2797   +16046146     +9      -12899     +0   74  63   96   -2   67  -15 29
 18 FF 60369 162600  780 124 3396   +15647156   -254      -13161   -173  263   5  366 -168  150  -58 A9
 12 FF 60369 162600  780 283 1718   +14814071    +56      -13141    +93  149  30  168   +3   99  -22 4D
 11 FF 60369 162600  780 262 1161   +15906487   -125      -13013     -3   70  34  180  +19   95   +5 2E
 15 FF 60369 162600  780 303   12    +8658796   +133      -13216    +93  114  24  157  +28   88   -1 2C
 24 FF 60369 162600  780 680 1041   +14381653   -144      -12828    -86   84  14   86   +0   52   +0 25
  5 FF 60369 162600  780 105  396   +11623218    -74      -13090    -59  122  19  426  -17  133   -1 34
 25 FF 60369 162600  780 253 2076    +5086653   +160      -13157   +148  235  50  186   -5  123  -27 72
 32 FF 60369 162600  780 147 2339   +16126714   +183      -13277   +198  305  93  311  -79  184  -48 AC
 29 FF 60369 164200  780 579 2642   +16046066    +49      -12971    +42  106  63   94   +0   57   +0 2F
 18 FF 60369 164200  780 184 3418   +15647225    +38      -13168   +117  233   5  252  -84  112  -16 72
 12 FF 60369 164200  780 279 1645   +14814095    +55      -13152    +92  129  30  170   +1   92   +1 2E
 11 FF 60369 164200  780 228 1232   +15906537   -125      -13080     -3   85  34  204  +32  102   +8 33
 15 FF 60369 164200  780 247   58    +8658754   +187      -13220   +147  214  24  190  +40   98  +11 51
 24 FF 60369 164200  780 670  818   +14381654    -63      -12909     -5   71  14   87   +1   53   +1 F5
 25 FF 60369 164200  780 263 2006    +5086685    -24      -13114    -37  149  50  180   -7   97  -18 42
 32 FF 60369 164200  780 181 2401   +16126783   -383      -13222   -368  408  93  255  -42  142  -39 9A
 29 FF 60369 165800  780 574 2485   +16046025    +58      -13002    +49  131  63   95   +1   57   +0 2A
 18 FF 60369 165800  780 248 3435   +15647297    +78      -13174   +158  171   5  190  -49   98  -14 86
 12 FF 60369 165800  780 278 1571   +14814147   -114      -13161    -77  108  30  171   +0   92   +0 3F
 11 FF 60369 165800  780 188 1293   +15906616   -108      -13120    +13   68  34  246  +56  111  +11 66
 15 FF 60369 165800  780 195  104    +8658798    -46      -13165    -86  153  24  237  +59  109  +12 6A
 24 FF 60369 165800  780 633  634   +14381649    +94      -12943   +152  144  14   89   +4   54   +2 34
 25 FF 60369 165800  780 276 1936    +5086682    -65      -13133    -77  137  50  172   -8   92   -3 43
 32 FF 60369 165800  780 208 2471   +16126920   -490      -13100   -474  560  93  224  -24  108  -21 8D
 29 FF 60369 171400  780 552 2340   +16046003   +128      -13014   +118  119  63   97   +3   58   +1 3B
 18 FF 60369 171400  780 317 3446   +15647361    -64      -13213    +16   81   5  152  -31   85  -12 35
 12 FF 60369 171400  780 279 1496   +14814180    -22      -13163    +13  184  30  170   -1   92   -1 29
 11 FF 60369 171400  780 141 1343   +15906648   -118      -13206     +4   57  34  321 +111  123  +13 50
 24 FF 60369 171400  780 577  504   +14381658    -48      -13017    +11   32  14   94   +6   57   +3 02
 25 FF 60369 171400  780 293 1866    +5086652    +57      -13126    +46  120  50  163   -9   89   -3 34
 32 FF 60369 171400  780 227 2547   +16126898   +390      -13111   +406  389  93  206  -12  102   -3 81
 29 FF 60369 173000  780 518 2216   +16045910    +98      -13099    +89  146  63  101   +5   61   +3 3D
 18 FF 60369 173000  780 390 3451   +15647433    -80      -13190     +0   78   5  127  -21   74  -10 1E
 12 FF 60369 173000  780 283 1419   +14814283    -55      -13096    -18   73  30  168   -2   91   +0 24
 24 FF 60369 173000  780 511  416   +14381700    -21      -13032    +38   65  14  102  +10   61   +5 FB
 25 FF 60369 173000  780 313 1795    +5086637    -30      -13130    -42  120  50  153  -10   86   -3 25
 32 FF 60369 173000  780 238 2627   +16126916   -116      -13135   -100  214  93  197   -5  100   -1 5E
 29 FF 60369 174600  780 479 2110   +16045953   -183      -13048   -193  190  63  107   +7   64   +3 69
 28 FF 60369 174600  780 150 2141   +11465776   -228      -13212    -98  190  48  305 -125  121  -16 95
 18 FF 60369 174600  780 466 3448   +15647534    -78      -13166     +3   57   5  110  -15   65   -7 2C
 12 FF 60369 174600  780 287 1339   +14814290    -46      -13123    -10   66  30  166   -2   90   +0 1C
 24 FF 60369 174600  780 441  358   +14381688    +46      -13071   +104  100  14  114  +15   68   +8 42
 25 FF 60369 174600  780 337 1722    +5086638   +141      -13144   +129  136  50  144   -9   82   -4 4F
 32 FF 60369 174600  780 241 2708   +16126971    +33      -13096    +51  177  93  195   +0   99   +0 42
 29 FF 60369 180200  780 437 2019   +16045875    +18      -13119    +10  129  64  115   +9   68   +4 3C
 28 FF 60369 180200  780 212 2155   +11465862   -367      -13262   -231  267  49  220  -63  105  -14 8F
 23 FF 60369 180200  780 129 3490    +8318536   +277      -13339   +194  182  47  352  -81  126   -8 84
 18 FF 60369 180200  780 546 3434   +15647608   -184      -13166   -106  106   6   98  -10   59   -5 5C
 12 FF 60369 180200  780 292 1258   +14814303    -33      -13150     +2   66  34  163   -2   89   +0 00
 24 FF 60369 180200  780 369  320   +14381652    +65      -13164   +122  112  25  132  +23   77  +10 41
 25 FF 60369 180200  780 363 1646    +5086589    +27      -13159    +15  120  51  135   -9   78   -4 33
 32 FF 60369 180200  780 237 2789   +16126901    +78      -13183    +95  187  94  198   +5  100   +0 59
 29 FF 60369 181800  780 395 1939   +16045847     +7      -13137     -1  136  64  125  +11   73   +5 34
 28 FF 60369 181800  780 275 2180   +11466049    +13      -13202   +145  222  49  173  -37   92  -12 6B
 23 FF 60369 181800  780 162 3546    +8318415     +7      -13354    -76  136  47  284  -61  118   -9 4E
 18 FF 60369 181800  780 628 3403   +15647773   -189      -13078   -113  116   6   90   -6   54   -3 4F
 12 FF 60369 181800  780 296 1174   +14814318    +35      -13142    +71   78  34  161   -1   89   -1 28
 24 FF 60369 181800  780 298  297   +14381649    +36      -13224    +94   89  25  160  +35   88  +13 55
 25 FF 60369 181800  780 391 1566    +5086578    +57      -13159    +46  102  51  126   -8   74   -3 3B
 32 FF 60369 181800  780 228 2869   +16126877   -142      -13195   -126  212  94  205   +9  102   +2 77
 29 FF 60369 183400  780 355 1865   +16045821    +14      -13154     +5  122  64  137  +13   79   +5 39
 28 FF 60369 183400  780 336 2219   +11466190   -185      -13189    -52  165  49  144  -23   82   -9 74
 23 FF 60369 183400  780 200    1    +8318316   +283      -13373   +200  212  47  232  -46  108  -10 2C
 18 FF 60369 183400  780 710 3338   +15647887    -96      -13042    -15   96   6   84   -4   52   -1 1B
 12 FF 60369 183400  780 296 1088   +14814341    +41      -13154    +77   86  34  161   +0   88   +1 25
 24 FF 60369 183400  780 228  285   +14381623    +13      -13304    +70  103  25  204  +59  102  +15 42
  5 FF 60369 183400  780 160  976   +11623264    +72      -13179    +88  108  20  287   +7  118   +0 2D
 25 FF 60369 183400  780 420 1479    +5086586    -26      -13140    -38  170  51  119   -6   70   -3 2C
 32 FF 60369 183400  780 215 2947   +16126901    -15      -13214     +1  223  94  217  +13  105   +3 33
 29 FF 60369 185000  780 318 1795   +16045806    +75      -13187    +65  109  64  151  +15   85   +6 5F
 28 FF 60369 185000  780 395 2274   +11466297    -95      -13237    +38  161  49  125  -15   73   -7 66
 23 FF 60369 185000  780 244   55    +8318253    +55      -13330    -28  105  47  193  -35   99   -9 21
 18 FF 60369 185000  780 787 3171   +15647931    +59      -13047   +138  123   6   81   -1   50   +0 2A
 12 FF 60369 185000  780 293 1002   +14814357    +22      -13200    +59   66  34  163   +3   89   +0 13
  5 FF 60369 185000  780 152 1050   +11623249    +80      -13208    +96  140  20  300  +21  120   +3 1C
 25 FF 60369 185000  780 448 1384    +5086626   +140      -13115   +128  131  51  113   -5   67   -2 40
 32 FF 60369 185000  780 200 3021   +16126853   +273      -13276   +288  284  94  232  +17  108   +3 79
 29 FF 60369 190600  780 284 1728   +16045740   +115      -13217   +105  140  64  167  +17   91   +5 6C
 28 FF 60369 190600  780 448 2348   +11466480   -107      -13181    +25  108  49  113   -9   67   -5 59
 23 FF 60369 190600  780 292  111    +8318174    +68      -13356    -15   62  47  163  -26   89   -9 27
 18 FF 60369 190600  780 830 2656   +15647944     +0      -13137    +79  101   6   80   +0   50   +0 FA
 12 FF 60369 190600  780 284  915   +14814408   -128      -13183    -92  105  34  167   +6   91   +2 3C
 31 FF 60369 190600  780 176 2216   +12265524   -222      -13361   -222  305  21  263  -82  114  -14 7C
  5 FF 60369 190600  780 138 1121   +11623218   -132      -13254   -117  132  20  330  +42  124   +5 47
 25 FF 60369 190600  780 472 1279    +5086577    +12      -13127     +0   61  51  109   -3   65   -2 00
 32 FF 60369 190600  780 184 3094   +16126864   -128      -13280   -112  215  94  251  +20  112   +3 72
 29 FF 60369 192200  780 255 1662   +16045725    +36      -13225    +29  125  64  184  +18   96   +5 56
 28 FF 60369 192200  780 491 2445   +11466657   -124      -13132     +8   94  49  106   -6   63   -3 32
 10 FF 60369 192200  780 130 3452    +9976151   -199      -13448   -197  185  58  350 -125  126  -13 A6
 23 FF 60369 192200  780 344  170    +8318120    +18      -13305    -62   79  47  141  -20   81   -8 0B
 18 FF 60369 192200  780 790 2125   +15648065    -80      -13092     -2   68   6   81   +1   50   +0 EB
 31 FF 60369 192200  780 230 2257   +12265533   -176      -13353   -176  258  21  204  -45  102  -11 82
  5 FF 60369 192200  780 117 1189   +11623163    +72      -13323    +87  104  20  386  +80  130   +7 3C
 25 FF 60369 192200  780 489 1163    +5086578     -2      -13115    -15   53  51  106   -2   63   -1 FF
 32 FF 60369 192200  780 169 3163   +16126846   +172      -13314   +187  249  94  272  +22  116   +3 85
 29 FF 60369 193800  780 230 1596   +16045673    +99      -13266    +90  155  64  203  +19  101   +5 69
 28 FF 60369 193800  780 521 2564   +11466714    -45      -13202    +86  144  49  101   -3   61   -1 35
 10 FF 60369 193800  780 180 3491    +9976254   -175      -13352   -169  177  58  257  -74  113  -13 A2
 23 FF 60369 193800  780 399  234    +8318092    +46      -13253    -35   82  47  124  -14   73   -7 26
 18 FF 60369 193800  780 716 1944   +15648109    +82      -13124   +161  171   6   84   +3   51   +1 29
 31 FF 60369 193800  780 280 2310   +12265645   -140      -13243   -139  246  21  170  -27   91   -9 69
 25 FF 60369 193800  780 496 1040    +5086574    -97      -13107   -108  102  51  105   +0   63   +0 2F
 32 FF 60369 193800  780 156 3231   +16126793   -175      -13383   -160  338  94  293  +20  119   +3 8C
 29 FF 60369 195400  780 209 1529   +16045645     +7      -13294     +8  114  64  222  +19  106   +4 3D
 28 FF 60369 195400  780 533 2699   +11466827   -206      -13193    -70  113  49   99   -1   60   +0 4D
 10 FF 60369 195400  780 236 3527    +9976235   +122      -13358   +139  181  58  199  -47  100  -12 93
 23 FF 60369 195400  780 455  308    +8318043    +42      -13218    -46   70  47  112  -11   67   -6 13
 18 FF 60369 195400  780 637 1861   +15648158    -97      -13152    -17  122   6   89   +6   54   +3 2F
 31 FF 60369 195400  780 325 2376   +12265622    +14      -13262     +9  160  21  148  -17   84   -6 35
 26 FF 60369 195400  780 158 2107    +8138396   -106      -13340    -71  156  39  292 -101  119  -15 8A
 25 FF 60369 195400  780 491  914    +5086532    -14      -13144    -19   52  51  105   +1   63   +0 F7
 29 FF 60369 201000  780 193 1462   +16045607     +7      -13321     -1  116  65  240  +18  110   +3 17
 28 FF 60369 201000  780 528 2837   +11466952    -69      -13222    +63  112  50  100   +1   60   +0 1E
 10 FF 60369 201000  780 296 3562    +9976298   -101      -13324    -94   97  81  161  -32   89  -11 5B
 23 FF 60369 201000  780 510  397    +8318015    +11      -13192    -73   79  48  103   -8   61   -4 F7
 18 FF 60369 201000  780 561 1807   +15648228   -128      -13158    -50  131   7   96   +8   58   +5 2E
 31 FF 60369 201000  780 362 2456   +12265553   +130      -13333   +132  187  76  135  -10   78   -4 5C
 26 FF 60369 201000  780 215 2086    +8138439    -14      -13341    +29  113  40  217  -58  105  -13 4A
 25 FF 60369 201000  780 472  794    +5086507    +67      -13182    +55  109  55  109   +4   65   +2 16
 32 FF 60369 201000  780 141 3363   +16126779    -83      -13407    -66  236  98  323   +8  123   +0 47
 29 FF 60369 202600  780 179 1394   +16045556   +197      -13364   +189  194  65  257  +16  113   +3 98
 28 FF 60369 202600  780 506 2965   +11467055   -129      -13246     +3   66  50  103   +4   62   +2 1D
 10 FF 60369 202600  780 362 3595    +9976335    +11      -13294    +17   67  81  135  -22   78  -10 41
 23 FF 60369 202600  780 560  510    +8317957    +90      -13171     +5   63  48   96   -5   58   -3 E7
 18 FF 60369 202600  780 487 1764   +15648229     +6      -13233    +83  137   7  106  +12   63   +6 2C
 31 FF 60369 202600  780 389 2549   +12265590    -16      -13298    -14  100  76  127   -6   74   -2 41
 26 FF 60369 202600  780 277 2071    +8138504    +19      -13317    +62  127  40  172  -37   92  -12 45
 32 FF 60369 202600  780 139 3427   +16126764    -25      -13463    -11  154  98  326   -2  124   -1 46
 29 FF 60369 204200  780 169 1324   +16045566    -23      -13345    -33   74  65  272  +14  132  +33 56
 28 FF 60369 204200  780 473 3078   +11467111    -81      -13318    +50  126  50  108   +6   65   +3 2A
 10 FF 60369 204200  780 432   29    +9976391    -39      -13243    -34   60  81  117  -16   69   -8 0E
 23 FF 60369 204200  780 598  654    +8317869    +13      -13180    -70   92  48   92   -2   56   -1 01
 18 FF 60369 204200  780 418 1724   +15648237    +20      -13302   +100  112   7  119  +16   70   +8 2F
 31 FF 60369 204200  780 405 2651   +12265573     +9      -13316    +11  134  76  123   -2   72   -1 0D
 26 FF 60369 204200  780 343 2064    +8138579   -233      -13255   -192  211  40  142  -25   81  -10 62
 32 FF 60369 204200  780 143 3491   +16126791    -35      -13453    -20  112  98  319  -13  123   -1 4D
 29 FF 60369 205800  780 161 1254   +16045494    +18      -13408     +7   89  65  285  +12  164  +33 55
 28 FF 60369 205800  780 432 3175   +11467227    -33      -13330   +100  158  50  116   +9   69   +5 42
 10 FF 60369 205800  780 506   66    +9976429    -36      -13211    -30   78  81  103  -11   62   -4 02
 23 FF 60369 205800  780 617  826    +8317845    +12      -13124    -70   88  48   91   -1   57   +9 02
 18 FF 60369 205800  780 353 1686   +15648290    +30      -13326   +110  161   7  138  +21   83  +28 59
 31 FF 60369 205800  780 407 2758   +12265582    -56      -13308    -55  123  76  122   +1   72   +0 34
 26 FF 60369 205800  780 412 2065    +8138645     +6      -13259    +50   87  40  121  -17   71   -8 17
 32 FF 60369 205800  780 151 3554   +16126837    -38      -13422    -23   86  98  302  -21  120   -2 45
 29 FF 60369 211400  780 154 1182   +16045434    +57      -13460    +48   82  65  296  +11  196  +33 5F
 28 FF 60369 211400  780 387 3259   +11467327   -119      -13358    +14   81  50  127  +12   77  +20 5E
 10 FF 60369 211400  780 584  112    +9976448     +2      -13197     +8   76  81   94   -8   67   +8 E5
 23 FF 60369 211400  780 611 1006    +8317728    +49      -13137    -32   75  48   91   +1   70  +14 09
 18 FF 60369 211400  780 294 1646   +15648311    +64      -13356   +145  142   7  162  +29  116  +37 6F
 31 FF 60369 211400  780 398 2863   +12265553     +0      -13339     +2  110  76  124   +4   73   +7 07
 26 FF 60369 211400  780 484 2078    +8138720    -84      -13198    -41  123  40  107  -12   73   +7 38
 16 FF 60369 211400  780 170 2098   +13502920    -46      -13332   -130  186  80  272  -95  120   +7 61
 32 FF 60369 211400  780 165   17   +16126825    +72      -13448    +87  104  98  279  -26  130  +31 4D
 29 FF 60369 213000  780 148 1110   +16045384    +38      -13501    +29  117  65  308  +12  228  +34 5C
 28 FF 60369 213000  780 342 3333   +11467387     -7      -13425   +124  149  50  142  +16  102  +28 5E
 10 FF 60369 213000  780 663  180    +9976440   +104      -13209   +110  110  81   87   -5   75   +8 18
 23 FF 60369 213000  780 580 1163    +8317586    +19      -13198    -62   96  48   94   +4   85  +17 2B
 18 FF 60369 213000  780 239 1605   +15648418    -34      -13378    +46  101   7  196  +41  156  +45 61
 31 FF 60369 213000  780 380 2964   +12265556    -36      -13335    -35  130  76  129   +6   91  +21 45
 26 FF 60369 213000  780 559 2107    +8138741     +2      -13245    +45  131  40   96   -8   79   +6 04
 16 FF 60369 213000  780 231 2092   +13502759   +111      -13411    +27  143  80  203  -54  130   +7 48
 32 FF 60369 213000  780 184   80   +16126801    -72      -13462    -56  104  98  252  -28  157  +25 47
 28 FF 60369 214600  780 298 3400   +11467488   -123      -13452     +9   80  50  160  +21  132  +33 52
 10 FF 60369 214600  780 740  307    +9976478    +26      -13178    +33   60  81   83   -3   84   +9 02
 23 FF 60369 214600  780 532 1282    +8317481   +172      -13249    +89   98  48  100   +7  104  +21 4B
 27 FF 60369 214600  780 113 2184   +10068641   -192      -13517   -161  240  51  400  -91  176  +28 88
 18 FF 60369 214600  780 189 1561   +15648334   -131      -13512    -49  127   7  244  +60  203  +52 6D
 31 FF 60369 214600  780 354 3058   +12265482    +96      -13411    +98  123  76  137   +9  113  +24 5E
 26 FF 60369 214600  780 633 2166    +8138810    -80      -13191    -38   94  40   89   -5   86   +7 18
 16 FF 60369 214600  780 296 2094   +13502662   +125      -13426    +40  121  80  161  -34  135   +3 59
 32 FF 60369 214600  780 207  144   +16126792    -27      -13513    -12  118  98  225  -26  180  +20 53
 29 FF 60369 220200  780 133  963   +16045349    +28      -13518    +19   85  66  340  +23  296  +37 57
 28 FF 60369 220200  780 257 3464   +11467548    -60      -13525    +71  141  51  183  +26  167  +39 74
 10 FF 60369 220200  780 799  612    +9976489    -63      -13173    -56   73  82   81   +0   94  +11 17
 23 FF 60369 220200  780 472 1367    +8317356   +212      -13324   +128  143  49  109  +11  127  +27 72
 27 FF 60369 220200  780 141 2129   +10068639   +142      -13547   +172  232  52  323  -69  200  +21 7C
 18 FF 60369 220200  780 145 1515   +15648334    -12      -13583    +68  127   8  315  +91  257  +59 66
 31 FF 60369 220200  780 325 3144   +12265408   +108      -13482   +109  144  77  148  +12  138  +28 85
 26 FF 60369 220200  780 702 2282    +8138858   -182      -13208   -140  137  50   85   -3   94   +8 3E
 16 FF 60369 220200  780 364 2107   +13502633    +67      -13374    -18  118  82  135  -22  137   +1 4B
 32 FF 60369 220200  780 234  209   +16126776     +8      -13546    +25   75  99  200  -24  196  +14 39
 28 FF 60369 221800  780 220 3525   +11467665   -113      -13535    +17  135  51  212  +33  207  +44 70
 10 FF 60369 221800  780 796 1132    +9976486    -27      -13181    -22   91  82   81   +0  105  +12 28
 23 FF 60369 221800  780 407 1424    +8317193   +239      -13380   +154  164  49  122  +17  158  +35 81
 27 FF 60369 221800  780 174 2076   +10068648    +35      -13540    +66  164  52  265  -53  217  +14 72
 31 FF 60369 221800  780 293 3224   +12265403    -54      -13489    -52  135  77  162  +16  168  +32 70
 26 FF 60369 221800  780 755 2511    +8138884   -127      -13223    -84   97  50   82   -1  103  +10 3A
 16 FF 60369 221800  780 433 2133   +13502583     +4      -13343    -79  112  82  116  -15  137   +0 36
 32 FF 60369 221800  780 265  276   +16126818    -37      -13519    -22   46  99  178  -20  208   +9 4E
 28 FF 60369 223400  780 187 3585   +11467711    -72      -13616    +58  110  51  247  +39  252  +48 7C
 10 FF 60369 223400  780 735 1417    +9976444    -49      -13228    -44   64  82   83   +3  118  +15 35
 23 FF 60369 223400  780 339 1460    +8317059   +197      -13433   +112  125  49  142  +26  197  +45 83
 27 FF 60369 223400  780 212 2024   +10068680    +32      -13564    +62  133  52  220  -40  227   +7 3F
 31 FF 60369 223400  780 262 3299   +12265357    -94      -13534    -93  286  77  180  +20  201  +37 79
 26 FF 60369 223400  780 767 2873    +8138916    -68      -13206    -25   84  50   82   +0  114  +12 2F
 16 FF 60369 223400  780 502 2179   +13502483   +150      -13386    +64  102  82  104  -10  138   +1 54
 32 FF 60369 223400  780 298  347   +16126863    -84      -13489    -68   74  99  160  -16  216   +6 5C
 28 FF 60369 225000  780 159   45   +11467822   -239      -13608   -106  133  51  287  +45  300  +51 6C
 10 FF 60369 225000  780 657 1526    +9976436     +0      -13242     +6   95  82   87   +5  135  +19 0E
 23 FF 60369 225000  780 272 1482    +8316892   +198      -13521   +115  184  49  174  +40  246  +57 8B
 27 FF 60369 225000  780 255 1974   +10068737   -183      -13536   -153  225  52  185  -31  232   +1 81
 31 FF 60369 225000  780 233 3370   +12265298    -17      -13596    -15  233  77  201  +23  239  +40 66
 26 FF 60369 225000  780 729 3174    +8138931    -60      -13260    -16   81  50   83   +2  127  +14 21
 16 FF 60369 225000  780 569 2253   +13502421    +99      -13338    +10   82  82   95   -7  140   +3 21
 32 FF 60369 225000  780 332  424   +16126926    -43      -13442    -27   66  99  145  -13  220   +4 30
 28 FF 60369 230600  780 136  106   +11467910   -112      -13675    +21  101  51  333  +48  351  +53 57
 10 FF 60369 230600  780 576 1573    +9976383    +46      -13301    +52   90  82   94   +8  157  +26 38
 23 FF 60369 230600  780 206 1492    +8316794    +15      -13513    -66  124  49  225  +69  307  +69 6B
 27 FF 60369 230600  780 303 1925   +10068815    -42      -13488    -10  117  52  158  -24  231   -2 52
 31 FF 60369 230600  780 207 3438   +12265288    +27      -13607    +29  142  77  224  +25  279  +43 75
 26 FF 60369 230600  780 665 3340    +8138948    +13      -13284    +56   79  50   87   +4  143  +18 38
 16 FF 60369 230600  780 627 2371   +13502382    +44      -13268    -41   67  82   90   -4  145   +6 26
 32 FF 60369 230600  780 365  507   +16127021   -102      -13361    -86  166  99  134  -10  224   +3 4D
 10 FF 60369 232200  780 496 1592    +9976366   +151      -13324   +157  206  82  105  +12  186  +34 85
 23 FF 60369 232200  780 142 1492    +8316789    -36      -13461   -120  132  49  319 +139  380  +83 88
 27 FF 60369 232200  780 355 1876   +10068930   -154      -13375   -124  149  52  137  -19  228   -5 8E
 21 FF 60369 232200  780 109 2518    +8655188   +111      -13699   +127  325  38  410  -26  316  +28 87
 31 FF 60369 232200  780 185 3505   +12265299    -66      -13597    -65  117  77  250  +26  322  +45 7D
 26 FF 60369 232200  780 593 3436    +8138935   -113      -13337    -70  112  50   93   +7  163  +24 4B
 16 FF 60369 232200  780 668 2547   +13502321    +40      -13246    -44   96  82   87   -2  152   +8 28
 28 FF 60369 233800  780 107  229   +11468168    -72      -13671    +58  184  51  419  +36  451  +49 74
 10 FF 60369 233800  780 419 1596    +9976335    +68      -13359    +73  152  82  119  +18  224  +44 78
 27 FF 60369 233800  780 413 1826   +10069039   -103      -13323    -71  116  52  121  -14  222   -6 59
 21 FF 60369 233800  780 117 2450    +8655276   -370      -13625   -355  352  38  386  -25  342  +26 91
 31 FF 60369 233800  780 167 3571   +12265299    +17      -13599    +18  105  77  274  +24  366  +45 88
 26 FF 60369 233800  780 520 3501    +8138957    +45      -13331    +88  100  50  101  +10  190  +31 43
 16 FF 60369 233800  780 680 2772   +13502273    +76      -13237     -9  104  82   86   +0  162  +11 35
  8 FF 60369 233800  780 141 2096    +9776889   +125      -13641   -172  285   5  325 -119  351   -6 7B
 10 FF 60369 235400  780 346 1590    +9976303    -10      -13398     -3  127  82  140  +26  271  +54 4B
 27 FF 60369 235400  780 474 1771   +10069081   -123      -13312    -89  111  52  108  -11  215   -6 62
 21 FF 60369 235400  780 125 2381    +8655345   +175      -13566   +183  269  38  361  -26  367  +24 96
 31 FF 60369 235400  780 155   37   +12265368   -190      -13526   -195  186  77  296  +18  408  +42 86
 26 FF 60369 235400  780 449 3551    +8138939    -16      -13412    +18   46  50  113  +14  225  +40 48
 16 FF 60369 235400  780 660 2991   +13502176     -5      -13254    -88  116  82   87   +1  175  +15 43
  8 FF 60369 235400  780 195 2066    +9776807   +278      -13453    -36  134   5  238  -68  341  -13 6A
 32 FF 60369 235400  780 431  808   +16127167   -106      -13263    -86  103  99  117   -1  242  +10 54
